# callgrind format
version: 1
creator: callgrind-3.26.0
pid: 2346
cmd:  ./perft 5 src/tests/perft_suite.txt
part: 1


desc: I1 cache: 
desc: D1 cache: 
desc: LL cache: 

desc: Timerange: Basic block 0 - 1796190736
desc: Trigger: Program termination

positions: line
events: Ir
summary: 9763012750


ob=(5) /home/tchew07/projects/chess/perft
fl=(168) ???
fn=(696) initialize_board
0 28

fn=(698) parse_fen
0 16
cob=(3) ???
cfi=(156) ???
cfn=(700) 0x00000000040011d0
calls=2 0 
0 271
0 14
cfn=(712) parse_pieces
calls=2 0 
0 8924
0 16
cfn=(730) parse_fullmove
calls=1 0 
0 118
cfn=(728) parse_halfmove
calls=1 0 
0 116
cfn=(726) parse_ep
calls=2 0 
0 14
cfn=(724) parse_castling
calls=2 0 
0 256
cfn=(722) parse_side
calls=2 0 
0 12
0 40
cob=(3)
cfi=(156)
cfn=(700)
calls=10 0 
0 998
0 38

fn=(798) generate_ray_bitboard.isra.0
0 1087380929
cfn=(790) bit_scan
calls=24829129 0 
0 297949548
0 463132779
cfn=(800) bit_scan_reverse
calls=24449730 0 
0 660142710
0 97798920

fn=(800)
0 701497611

fn=(590) main
0 14
cfn=(592) init_attack_tables
calls=1 0 
0 27431
0 4
cob=(3)
cfi=(156)
cfn=(594) 0x0000000004001190
calls=1 0 
0 108
0 13
cob=(3)
cfi=(156)
cfn=(600) 0x00000000040011c0
calls=1 0 
0 807
0 11
cob=(3)
cfi=(156)
cfn=(648) 0x0000000004001170
calls=1 0 
0 622
0 4
cob=(3)
cfi=(156)
cfn=(648)
calls=1 0 
0 199
0 10
cob=(3)
cfi=(156)
cfn=(688) 0x0000000004001160
calls=2 0 
0 139
0 6
cfn=(696)
calls=2 0 
0 28
0 6
cfn=(698)
calls=2 0 
0 10833
0 12
cob=(3)
cfi=(156)
cfn=(732) 0x00000000040011b0
calls=2 0 
0 5394
0 4
cfn=(778) print_board
calls=2 0 
0 79218
0 8
cob=(3)
cfi=(156)
cfn=(732)
calls=2 0 
0 1090
0 42
cfn=(786) perft.part.0
calls=10 0 
0 9762740295
0 72
cob=(3)
cfi=(156)
cfn=(732)
calls=9 0 
0 10984
0 14
cob=(3)
cfi=(156)
cfn=(732)
calls=2 0 
0 2342
0 27
cob=(3)
cfi=(156)
cfn=(732)
calls=1 0 
0 545
0 1

fn=(724)
0 256

fn=(728)
0 7
cob=(3)
cfi=(156)
cfn=(594)
calls=1 0 
0 106
0 3

fn=(792) encode_move
0 70048965

fn=(778)
0 40
cfn=(780) get_bit
calls=2 0 
0 8
0 126
cfn=(780)
calls=14 0 
0 56
0 672
cfn=(780)
calls=112 0 
0 448
0 1616
cfn=(780)
calls=404 0 
0 1616
0 1500
cfn=(780)
calls=500 0 
0 2000
0 8064
cob=(3)
cfi=(156)
cfn=(732)
calls=64 0 
0 23872
0 928
cob=(3)
cfi=(156)
cfn=(732)
calls=64 0 
0 29248
0 256
cob=(3)
cfi=(156)
cfn=(732)
calls=16 0 
0 8720
0 48

fn=(796) square_attacked
0 345625626
cfn=(798)
calls=10445614 0 
0 263458844
0 188021052
cfn=(798)
calls=31336842 0 
0 1249693730
0 240205722
cfn=(798)
calls=10439415 0 
0 237564502
0 187909470
cfn=(798)
calls=31318245 0 
0 855687810
0 230039761

fn=(804) make_move
0 140095172
cfn=(806) get_from
calls=10006798 0 
0 40027192
0 30020394
cfn=(808) get_to
calls=10006798 0 
0 50033990
0 30020394
cfn=(810) get_flag
calls=10006798 0 
0 40027192
0 60040788
cfn=(812) get_bitboard_from_square
calls=10006798 0 
0 941206447
0 365795756
cfn=(814) clear_bit
calls=15268 0 
0 91608
0 29974590
cfn=(814)
calls=9991530 0 
0 59949180
0 40027192
cfn=(814)
calls=10006798 0 
0 60040788
0 30020394
cfn=(720) set_bit
calls=10006798 0 
0 60040788
0 40027192
cfn=(720)
calls=10006798 0 
0 60040788
0 185396809
cfn=(812)
calls=950356 0 
0 61315077
0 2851068
cfn=(814)
calls=950356 0 
0 5702136
0 3801424
cfn=(814)
calls=950356 0 
0 5702136
0 35371612
cfn=(814)
calls=148553 0 
0 891318
0 594212
cfn=(814)
calls=148553 0 
0 891318
0 594212
cfn=(720)
calls=148553 0 
0 891318
0 742765
cfn=(720)
calls=148553 0 
0 891318
0 19699776

fn=(812)
0 377351046
cfn=(780)
calls=20963947 0 
0 83855788
0 119045024
cfn=(780)
calls=29761256 0 
0 119045024
0 117175035
cfn=(780)
calls=39058345 0 
0 156233380
0 972205517

fn=(816) is_in_check
0 90061182
cfn=(790)
calls=10006798 0 
0 120081576
0 70047586
cfn=(796)
calls=10006798 0 
0 3622137759

fn=(720)
0 255133392

fn=(722)
0 12

fn=(712)
0 280
cfn=(718) get_bitboard_from_ascii
calls=84 0 
0 3672
0 360
cfn=(720)
calls=64 0 
0 384
0 320
cfn=(720)
calls=64 0 
0 384
0 294
cob=(3)
cfi=(156)
cfn=(714) 0x0000000004001130
calls=98 0 
0 2572
0 4
cob=(3)
cfi=(156)
cfn=(714)
calls=2 0 
0 52
0 602

fn=(726)
0 14

fn=(730)
0 7
cob=(3)
cfi=(156)
cfn=(594)
calls=1 0 
0 108
0 3

fn=(786)
0 150
cfn=(788) generate_moves
calls=10 0 
0 37160
0 90
cfn=(804)
calls=10 0 
0 1700
0 849
cfn=(804)
calls=283 0 
0 67734
0 1172
cfn=(816)
calls=293 0 
0 109906
0 2046
cfn=(818) unmake_move
calls=292 0 
0 60796
0 2237
cfn=(787) perft.part.0'2
calls=225 0 
0 9762455871
0 584

fn=(787)
0 4885680
cfn=(788)
calls=325712 0 
0 1113842865
0 2931408
cfn=(804)
calls=325712 0 
0 56949176
0 29042379
cfn=(804)
calls=9680793 0 
0 2345797734
0 40026020
cfn=(816)
calls=10006505 0 
0 3902218197
0 70045513
cfn=(818)
calls=10006501 0 
0 2122516849
0 54348934
cfn=(787)
calls=325487 0 
0 24069337716
0 19851116

fn=(788)
0 14272254
cfn=(790)
calls=315803 0 
0 3789636
0 2329730
cfn=(790)
calls=1164865 0 
0 13978380
0 5922672
cfn=(792)
calls=1480668 0 
0 10364676
0 15274358
cfn=(790)
calls=1847 0 
0 22164
0 20317
cfn=(792)
calls=1847 0 
0 12929
0 22164
cfn=(792)
calls=5541 0 
0 38787
0 2337311
cfn=(790)
calls=325722 0 
0 3908664
0 3551634
cfn=(790)
calls=1775817 0 
0 21309804
0 14710773
cfn=(792)
calls=2101539 0 
0 14710773
0 19449396
cfn=(790)
calls=325722 0 
0 3908664
0 4504330
cfn=(790)
calls=2252165 0 
0 27025980
0 45153749
cfn=(790)
calls=333363 0 
0 4000356
0 29392
cfn=(790)
calls=14696 0 
0 176352
0 2436413
cfn=(792)
calls=348059 0 
0 2436413
0 13730643
cfn=(790)
calls=325716 0 
0 3908592
0 641726
cfn=(790)
calls=320863 0 
0 3850356
0 4526053
cfn=(794) push_attack_bb
calls=646579 0 
0 89434831
0 3568317
cfn=(790)
calls=325716 0 
0 3908592
0 18
cfn=(790)
calls=6 0 
0 72
0 2931498
cfn=(794)
calls=325722 0 
0 22512632
0 651444
cfn=(790)
calls=325722 0 
0 3908664
0 1302888
cfn=(796)
calls=325722 0 
0 117139485
0 10377370
cfn=(802) generate_slider_moves
calls=325722 0 
0 181109789
0 1628610
cfn=(802)
calls=325722 0 
0 179452060
0 1628610
cfn=(802)
calls=325722 0 
0 163635404
0 4571928
cfn=(790)
calls=1970 0 
0 23640
0 15760
cfn=(792)
calls=1970 0 
0 13790
0 29550
cfn=(792)
calls=5910 0 
0 41370
0 749555
cfn=(796)
calls=82884 0 
0 30548390
0 550648
cfn=(792)
calls=76976 0 
0 538832
0 771374
cfn=(796)
calls=77245 0 
0 28380883
0 1024820
cfn=(792)
calls=71584 0 
0 501088
0 572672

fn=(802)
0 28332710
cfn=(790)
calls=976934 0 
0 11723208
0 1293480
cfn=(790)
calls=646740 0 
0 7760880
0 17768403
cfn=(800)
calls=1531663 0 
0 41354901
0 183734022
cfn=(790)
calls=2539984 0 
0 30479808
0 23856692
cfn=(794)
calls=1623674 0 
0 165206423
0 12686726

fn=(560) (below main)
0 12
cob=(2) /usr/lib/x86_64-linux-gnu/libc.so.6
cfi=(169) ./csu/../csu/libc-start.c
cfn=(562) __libc_start_main@@GLIBC_2.34
calls=1 242 
0 9762880506

fn=(780)
0 359138320

fn=(790)
0 632669748

fn=(794)
0 56621565
cfn=(790)
calls=421218 0 
0 5054616
0 346468
cfn=(790)
calls=173234 0 
0 2078808
0 3566712
cfn=(792)
calls=594452 0 
0 4161164
0 17972585
cfn=(790)
calls=1803100 0 
0 21637200
0 7030698
cfn=(790)
calls=3515349 0 
0 42184188
0 31910694
cfn=(792)
calls=5318449 0 
0 37229143
0 47360045

fn=(806)
0 80054364

fn=(572) 0x0000000000001530
0 12

fn=(592)
0 27431

fn=(810)
0 80054364

fn=(818)
0 140095102
cfn=(806)
calls=10006793 0 
0 40027172
0 30020379
cfn=(808)
calls=10006793 0 
0 50033965
0 30020379
cfn=(810)
calls=10006793 0 
0 40027172
0 60040758
cfn=(812)
calls=10006793 0 
0 942389290
0 220591825
cfn=(720)
calls=947984 0 
0 5687904
0 2843952
cfn=(720)
calls=947984 0 
0 5687904
0 1927488
cfn=(720)
calls=7880 0 
0 47280
0 22164
cfn=(720)
calls=7388 0 
0 44328
0 19983050
cfn=(720)
calls=9991525 0 
0 59949150
0 40027172
cfn=(720)
calls=10006793 0 
0 60040758
0 30020379
cfn=(814)
calls=10006793 0 
0 60040758
0 40027172
cfn=(814)
calls=10006793 0 
0 60040758
0 157563024
cfn=(720)
calls=148552 0 
0 891312
0 594208
cfn=(720)
calls=148552 0 
0 891312
0 594208
cfn=(814)
calls=148552 0 
0 891312
0 594208
cfn=(814)
calls=148552 0 
0 891312
0 19992538
cfn=(720)
calls=2372 0 
0 14232
0 7116
cfn=(720)
calls=2372 0 
0 14232
0 2372

fn=(718)
0 3672

fn=(808)
0 100067955

fn=(814)
0 255132624

ob=(1) /usr/lib/x86_64-linux-gnu/ld-linux-x86-64.so.2
fl=(1) ???
fn=(0) 0x0000000000023340
0 2
cfi=(2) ./elf/./elf/rtld.c
cfn=(2) _dl_start
calls=1 519 
0 131785
0 8
cfi=(80) ./elf/../sysdeps/x86_64/dl-cet.c
cfn=(528) _dl_cet_setup_features
calls=1 331 
0 4
0 10
cfi=(161) ./elf/./elf/dl-init.c
cfn=(532) _dl_init
calls=1 81 
0 420
0 3
cob=(5)
cfi=(168)
cfn=(560)
calls=1 0 
0 9762880518

fl=(29) ./string/../sysdeps/x86_64/multiarch/memmove-vec-unaligned-erms.S
fn=(128) mempcpy
197 13
+1 13
+1 13
+1 13
+17 13
+1 13
+2 5
+1 5
+1 5
+2 2
+1 2
+1 2
+2 2
+80 8
+1 8
+2 1
+4 1
+1 1
+1 1
+8 1
+39 7
+1 7
+1 7
+1 7
+1 7
+7 3
+1 3
+1 3
+1 3
+1 3
+1 3
+1 3
+11 3
+1 3
+2 3
+1 3
+1 3

fn=(80) memcpy
210 15
+1 15
+6 15
+1 15
+2 9
+1 9
+1 9
+2 4
+1 4
+1 4
+2 4
+80 6
+1 6
+2 1
+4 1
+1 1
+1 1
+1 1
+1 1
+4 1
+2 1
+39 5
+1 5
+1 5
+1 5
+1 5
+7 5
+1 5
+1 5
+1 5
+1 5
+1 5
+1 5
+11 5
+1 5
+2 5
+1 5
+1 5

fl=(67) ./elf/./elf/dl-deps.c
fn=(222) openaux
61 12
+7 2
-4 6
+1 2
-1 14
cfi=(31) ./elf/./elf/dl-load.c
cfn=(170) _dl_map_object
calls=2 2213 
* 5495
* 2
+5 6

fn=(218) _dl_map_object_deps
143 5
+1 2
-1 1
+1 1
-1 2
+1 1
-1 1
+1 1
-1 4
+1 3
-1 1
+1 7
-8 1
+8 2
-8 1
-6 1
-2 1
+16 1
-8 1
-7 1
+1 1
+6 1
+24 4
-28 3
-2 1
+31 1
-33 1
+32 1
-30 2
+30 1
-30 1
-1 4
+7 4
+24 3
+28 3
-6 1
-18 1
+22 1
fi=(74) ./elf/../include/scratch_buffer.h
77 3
+1 1
fe=(67)
184 1
+48 3
-35 1
-4 1
+4 5
-4 3
+4 6
+11 12
-18 2
+18 4
417 8
+2 2
+3 2
-3 6
+3 4
fi=(28) ./elf/../include/rtld-malloc.h
56 2
cfi=(27) ./elf/./elf/dl-minimal-malloc.c
cfn=(76) __minimal_malloc
calls=2 -20 
* 36
fe=(67)
423 4
fi=(28)
56 2
fe=(67)
423 2
+6 2
+1 6
cfi=(29)
cfn=(80)
calls=2 210 
* 22
+1 12
cfi=(29)
cfn=(80)
calls=2 210 
* 22
+3 2
+1 2
+4 12
188 6
442 9
-1 4
+1 8
183 5
+27 8
+7 2
+4 2
-6 2
+1 2
+1 2
+4 2
-3 4
+3 4
+7 2
-38 4
+38 2
-9 2
-29 2
+38 2
-38 4
+32 112
+6 8
cfi=(31)
cfn=(220) _dl_dst_count
calls=2 * 
* 110
* 6
+4 4
-2 2
+2 4
cfi=(53) ./elf/./elf/dl-catch.c
cfn=(164) _dl_catch_exception
calls=2 -24 
* 5675
+1 4
+9 2
+2 4
+5 10
+6 2
+2 2
-8 4
+3 2
+1 2
+1 2
+1 2
+4 2
-3 2
+3 6
+4 6
+1 3
-43 232
+7 4
+38 162
fi=(74)
85 3
fe=(67)
448 5
+1 1
+3 4
+11 5
fi=(28)
56 1
cfi=(27)
cfn=(76)
calls=1 -20 
* 18
fe=(67)
465 3
fi=(28)
56 1
fe=(67)
465 1
+5 3
+1 1
-1 2
+4 3
-2 2
+13 3
-7 3
+7 3
-1 3
+1 3
-1 3
+6 3
-16 9
+4 1
+7 1
-1 1
+1 1
-1 1
+6 1
-16 3
+21 3
+37 2
+15 1
+1 1
-15 2
+20 1
-1 4
+1 2
-1 5
cfi=(13) ./elf/./elf/dl-sort-maps.c
cfn=(248) _dl_sort_maps
calls=1 298 
* 251
+5 1
+2 1
+1 1
+1 2
-2 1
+2 1
+7 3
+3 2
+3 8
198 25
+3 2
fi=(74)
-70 6
cfi=(73) ./malloc/./malloc/scratch_buffer_set_array_size.c
cfn=(244) __libc_scratch_buffer_set_array_size
calls=2 30 
* 50
fe=(67)
+70 4
+4 4
547 5
cfi=(29)
cfn=(80)
calls=1 210 
* 11
* 3
-53 2
144 2

fl=(39) ./elf/./elf/dl-hwcaps.c
fn=(112) _dl_important_hwcaps
171 6
+3 1
-3 3
+3 1
-3 6
+2 1
cfi=(40) ./elf/../sysdeps/x86_64/dl-hwcaps-subdirs.c
cfn=(114) _dl_hwcaps_subdirs_active
calls=1 29 
* 36
fi=(41) ./elf/./dl-hwcaps.h
43 1
fe=(39)
173 1
fi=(41)
45 1
+32 1
+1 1
+1 1
fe=(39)
-28 2
cfi=(42) ./elf/./elf/dl-hwcaps_split.c
cfn=(120) _dl_hwcaps_split_masked
calls=1 * 
* 22
* 2
fi=(41)
-8 1
+2 1
-2 1
+34 2
+1 2
+1 1
fe=(39)
-25 2
-1 2
+1 2
+2 4
-5 4
cfi=(42)
cfn=(120)
calls=2 * 
* 128
* 2
cfi=(42)
cfn=(120)
calls=1 * 
* 125
* 6
+48 4
fi=(28)
-43 2
cfi=(27)
cfn=(76)
calls=1 -20 
* 18
fe=(39)
+45 2
-2 1
+2 1
fi=(41)
-58 3
fe=(39)
+61 1
fi=(41)
-59 1
fe=(39)
+66 1
fi=(41)
-65 1
fe=(39)
+65 2
cfi=(42)
cfn=(124) _dl_hwcaps_split
calls=1 -86 
* 7
* 2
fi=(41)
-68 2
+2 1
-2 3
+34 2
+1 2
fe=(39)
+46 3
fi=(41)
-45 1
fe=(39)
+47 10
+1 4
+1 2
+1 2
-1 2
-4 4
cfi=(42)
cfn=(120)
calls=2 -73 
* 128
* 2
cfi=(42)
cfn=(120)
calls=1 -73 
* 125
* 6
+8 4
+9 3
+3 1
-3 9
+1 7
+8 2
+4 2
-4 2
+4 3
cfi=(44) ./string/../sysdeps/x86_64/multiarch/../multiarch/memcmp-sse2.S
cfn=(126) bcmp
calls=1 -95 
* 19
+1 2
+1 1
+4 1
+1 2
+1 1
-20 2
+19 1
+1 1
-20 3
-1 8
+47 4
-3 1
+7 1
-7 1
+7 1
fi=(28)
56 1
cfi=(27)
cfn=(76)
calls=1 -20 
* 18
fe=(39)
193 2
fi=(28)
56 1
fe=(39)
193 1
-9 1
fi=(41)
43 1
fe=(39)
+36 1
200 1
-16 1
+17 1
79 1
fi=(41)
-34 1
fe=(39)
201 1
fi=(41)
77 1
+1 1
fe=(39)
201 3
fi=(41)
79 1
fe=(39)
-3 2
cfi=(42)
cfn=(120)
calls=1 -25 
* 22
* 2
fi=(41)
-33 1
+2 1
fe=(39)
+34 2
fi=(41)
-36 1
+34 2
+1 2
+1 1
fe=(39)
-1 2
+1 4
+7 2
-7 8
cfi=(29)
cfn=(128)
calls=2 197 
* 26
+4 2
+2 2
+2 2
-2 4
-9 4
cfi=(42)
cfn=(120)
calls=2 -25 
* 128
* 2
cfi=(42)
cfn=(120)
calls=1 -25 
* 125
* 6
212 2
-5 2
+1 1
+4 1
+3 9

fl=(73)
fn=(244)
30 26
+4 2
+1 4
+10 4
+18 2
-17 2
+17 10

fl=(46) ./string/./string/strdup.c
fn=(140) strdup
40 18
+1 3
cfi=(22) ./string/../sysdeps/x86_64/multiarch/../multiarch/strlen-sse2.S
cfn=(60) strlen
calls=3 +16 
* 87
* 3
fi=(213) ./string/../include/rtld-malloc.h
+15 6
cfi=(27)
cfn=(76)
calls=3 -20 
* 54
fe=(46)
-12 6
+3 6
+1 3
-1 3
+1 6
-1 3
cfi=(29)
cfn=(80)
calls=3 210 
* 49

fl=(54) ./setjmp/../sysdeps/x86_64/setjmp.S
fn=(166) __sigsetjmp
31 3
+2 3
+9 3
+1 6
+1 3
+4 3
+1 3
+1 3
+1 3
+1 3
+2 6
+2 3
+1 3
+1 3
+2 6
+2 3
+8 3
+3 3
+1 3
+7 3
+1 3

fl=(40)
fn=(114)
29 1
fi=(18) ./elf/../sysdeps/x86/get-isa-level.h
+2 1
fe=(40)
+7 1
fi=(18)
-7 3
fe=(40)
+21 2
fi=(18)
-20 3
+7 1
fe=(40)
-1 1
fi=(18)
+1 4
+1 4
+8 1
fe=(40)
-5 1
fi=(18)
+5 2
+3 4
+3 2
fe=(40)
-3 5

fl=(24) ./elf/../sysdeps/nptl/dl-tls_init_tp.c
fn=(66) __tls_pre_init_tp
54 4
+3 9
+5 2
+1 1
+2 1

fn=(278) __tls_init_tp
69 2
fi=(214) ./elf/../include/list.h
-25 1
fe=(24)
+25 2
fi=(214)
-26 1
fe=(24)
+27 1
+3 1
fi=(214)
-30 1
fe=(24)
+33 1
fi=(214)
-32 1
+1 1
+2 1
fe=(24)
+29 3
+13 1
+6 1
-18 2
+12 1
-11 1
+11 1
-10 1
+5 2
+11 1
-3 1
-3 1
+6 1
+16 4
cfi=(11) ./elf/./elf/dl-tunables.c
cfn=(28) __tunable_get_val
calls=1 435 
* 18
fi=(79) ./elf/../sysdeps/unix/sysv/linux/rseq-internal.h
-11 1
-7 1
+7 2
+24 1
fe=(24)
-11 1
+6 2
+1 2
fi=(79)
-12 2
-15 2
+15 2
+4 1
-19 1
+19 3
cfi=(45) ./string/../sysdeps/x86_64/multiarch/../multiarch/memset-vec-unaligned-erms.S
cfn=(132) memset
calls=1 +25 
* 13
+4 1
+2 2
-6 1
+6 1
-2 1
+2 2
+1 2
fe=(24)

fn=(84) rtld_mutex_dummy
43 8
+2 16

fl=(55) ./elf/./elf/dl-misc.c
fn=(174) _dl_name_match_p
68 98
+1 28
cfi=(34) ./string/../sysdeps/x86_64/multiarch/../multiarch/strcmp-sse2.S
cfn=(98) strcmp
calls=14 +29 
* 622
* 14
+1 14
-1 14
+3 14
+2 28
+4 15
-4 30
+1 54
cfi=(34)
cfn=(98)
calls=18 +23 
* 896
* 36
-5 3
+11 23
-1 11
+1 33

fn=(232) _dl_sysdep_read_whole_file
36 2
+3 1
-3 5
+3 1
-3 1
+3 1
cfi=(56) ./io/../sysdeps/unix/sysv/linux/open64_nocancel.c
cfn=(182) __open_nocancel
calls=1 -11 
* 21
+1 3
+2 4
cfi=(58) ./io/../sysdeps/unix/sysv/linux/fstat64.c
cfn=(188) fstat
calls=1 -12 
* 6
* 3
+2 2
+3 2
+13 3
cfi=(65) ./io/../sysdeps/unix/sysv/linux/close_nocancel.c
cfn=(206) __GI___close_nocancel
calls=1 -35 
* 6
* 1
+3 6
-14 6
cfi=(60) ./misc/../sysdeps/unix/sysv/linux/mmap64.c
cfn=(192) mmap
calls=1 -2 
* 26
* 3

fl=(145) ./elf/./elf/dl-find_object.c
fn=(476) _dlfo_sort_mappings
553 1
+1 2
-1 2
+4 2
-4 2
+4 1
-4 3
+8 1
+1 1
-1 1
+1 2
-1 1
+1 1
-1 1
+1 10
+1 4
+2 4
-3 8
+1 2
+2 2
-3 4
+8 6
+1 6
-1 4
+1 10
+1 6
-15 6
+17 4

fn=(474) _dlfo_process_initial
505 14
+3 2
-3 2
+1 2
+3 4
+5 10
+10 10
-9 6
+1 8
-1 16
+3 28
+3 24
-7 10
+34 2
-2 2
+2 16
-24 12
+5 18
+3 3
-1 9
cfi=(146) ./elf/./dl-find_object.h
cfn=(472) _dl_find_object_from_map
calls=3 105 
* 373
+2 12

fn=(470) _dl_find_object_init
578 6
+3 1
+2 2
+13 1
cfn=(474)
calls=1 -91 
* 99
* 1
+1 3
fi=(28)
56 1
cfi=(27)
cfn=(76)
calls=1 -20 
* 18
fe=(145)
597 1
+2 2
+3 3
+5 1
+1 1
cfn=(474)
calls=1 505 
* 484
+3 4
+10 5
-37 2
cfi=(146)
cfn=(472)
calls=1 105 
* 135
* 1
+29 1
cfn=(476)
calls=1 -60 
* 97
+3 6
+2 1

fl=(43) ./string/../sysdeps/x86_64/multiarch/../multiarch/strchr-sse2.S
fn=(122) index
32 15
+1 15
+1 15
+1 15
+1 15
+1 15
+1 15
+1 15
+1 15
+1 15
+1 15
+1 15
+1 15
+1 15
+1 15
+1 15
+1 15
+1 15
+1 13
+4 13
+1 13
+1 13
+1 13
+2 13
+4 2
+1 2
+1 2
+1 2
+1 2
+1 2
+1 2
+1 2
+1 2
+1 2
+1 2
+1 2
+1 2
+1 2
+1 2
+1 2
+1 2
+1 2
+1 2
+1 2
+1 2
+1 2
+1 2
+1 2
+52 2
+4 2
+1 2
+1 2
+1 2
+2 2

fl=(75) ./elf/./elf/dl-version.c
fn=(258) _dl_check_map_versions
155 36
+15 12
+2 12
+2 12
+1 4
+2 8
+3 4
+4 4
-20 2
-8 2
+69 14
36 4
200 4
36 12
+1 5
-1 10
+2 21
cfi=(55)
cfn=(174)
calls=7 +30 
* 897
* 18
208 4
+5 2
99 8
213 4
+4 4
+1 4
-1 2
+4 4
-3 8
-1 12
+1 12
-1 6
+4 12
-3 44
56 32
+8 16
+6 24
+16 8
+1 16
+2 8
+5 72
+14 140
+12 186
+4 62
-30 124
231 32
+3 24
+5 6
-24 6
110 8
+3 32
cfi=(34)
cfn=(98)
calls=8 -15 
* 379
* 32
224 24
+4 6
+15 6
+14 10
+3 4
+3 14
+3 10
+4 2
-7 8
+3 6
+4 49
-7 196
+3 149
+8 6
+6 6
fi=(28)
44 3
fe=(75)
280 6
fi=(28)
44 3
cfi=(27)
cfn=(72) __minimal_calloc
calls=3 +36 
* 87
fe=(75)
281 6
-2 3
fi=(28)
44 3
fe=(75)
281 3
+13 3
-3 3
+3 12
+2 6
+3 8
+4 6
+7 8
+1 8
-1 16
+1 8
+1 8
-2 8
+2 16
+1 24
+3 24
+5 6
-15 6
+2 6
-2 6
+2 6
-2 6
+2 12
-2 2
+2 2
-2 2
+2 2
-2 2
+2 4
+16 6
+48 6
+1 4
+1 4
+1 2
+19 36
164 2
-8 2
257 5
+77 4
+3 4
+4 51
+6 51
+1 51
+1 51
-1 102
+1 51
-1 51
+1 51
+1 51
+3 153
+4 51
-14 106
+10 18
+11 195
+1 130
+1 18
-32 2
-40 2
-20 3
377 4
+2 124
+1 60
+2 1
+1 2
-1 1
+1 1
cfi=(34)
cfn=(260) strncmp
calls=1 98 
* 55
* 2

fn=(256) _dl_check_all_versions
399 7
+4 5
-2 3
+4 24
cfn=(258)
calls=4 155 
* 4757
-2 4
+1 4
-1 8
+5 7

fl=(61) ./misc/../sysdeps/unix/sysv/linux/setvmaname.c
fn=(240) __is_decorate_maps_enabled
33 1
+1 3
+9 2

fn=(194) __set_vma_name
60 2
-26 6
+26 6
-26 2
+36 1
-33 6
cfi=(11)
cfn=(28)
calls=1 435 
* 18
* 6
+5 1
+28 3

fl=(33) ./elf/./elf/dl-execstack-tunable.c
fn=(94) _dl_handle_execstack_tunable
24 2
+1 2
-1 2
+1 2
cfi=(11)
cfn=(28)
calls=1 435 
* 18
* 5
+14 2

fl=(47) ./elf/./elf/dl-debug.c
fn=(152) _dl_debug_change_state
104 2
+3 2
-2 2
+2 4
+4 2
cfi=(50) ./elf/./elf/dl-debug_state.c
cfn=(154) _dl_debug_state
calls=2 -83 
* 4
-4 6

fn=(212) _dl_debug_update
94 3
-17 3
-1 6
+20 6
+4 3

fn=(490) _dl_debug_post_relocate
46 2
+6 3
-6 2
+6 5
-1 1
+1 1
cfi=(82) ./elf/./elf/dl-lookup.c
cfn=(294) _dl_lookup_symbol_x
calls=1 767 
* 554
+2 2
-2 1
+2 3
+2 7
+1 3
+13 2

fn=(146) _dl_debug_initialize
120 1
-44 2
+46 2
+5 3
+1 1
+26 1
-26 1
+29 2
-37 1
+49 2
-9 2
+2 3

fl=(34)
fn=(260)
98 1
+27 1
+1 1
+1 1
+1 1
+1 1
+2 1
+1 1
+2 1
+1 1
+21 1
+1 1
+44 1
+1 1
+1 1
+1 1
+1 1
+1 1
+1 1
+1 1
+1 1
+1 1
+1 1
+1 1
+2 1
+1 1
+1 1
+1 1
+1 1
+1 1
1613 1
+1 1
+1 1
+1 1
+1 1
+2 1
+1 1
+1 1
+1 1
+1 1
+1 1
+1 1
2095 1
+1 1
+1 1
+1 1
+1 2
+5 1
+3 1
+1 1
+2 1
+1 1
+8 1
+1 1

fn=(98)
98 193
+33 193
+1 193
+2 193
+1 193
+21 193
+1 193
+1 84
+1 84
+1 46
+1 46
+1 46
+1 46
+17 46
+1 46
+1 46
+1 46
+1 46
+1 46
+1 46
+5 15
+1 45
+9 15
+1 15
+1 15
+1 15
+1 15
+1 15
+1 15
+1 15
-7 147
+1 147
+1 147
+1 147
+1 147
+1 147
+1 147
+1 147
+1 103
+1 53
+1 53
+1 53
+2 53
+1 53
+1 53
+1 53
+1 53
+1 53
-5 50
+1 50
+1 50
+1 50
+1 50
+1 50
+10 59
+1 59
+1 59
+2 59
+6 59
+1 59
+1 59
+1 59
+1 59
+5 59
+2 59
+1 59
+1 118
+8 59
+1 59
+3 59
+1 59
+1 59
+1 59
+1 59
+1 59
424 4
+1 4
+1 4
+1 4
+1 4
+2 4
+1 4
+1 4
+1 4
+1 4
+1 4
+1 4
+1 1
+3 1
+1 1
+1 1
+6 1
+1 1
+1 2
+4 1
+1 1
+3 1
+1 1
+1 1
+2 1
+1 1
+1 1
+4 1
+1 1
+1 1
+1 1
+1 1
+1 1
+69 1
+1 1
+1 1
+1 1
+1 1
+2 1
+1 1
+1 1
+1 1
+1 1
+1 1
+1 1
+1 1
+4 1
+1 1
+1 1
+6 1
+1 1
+1 2
+4 1
+1 1
+3 1
+1 1
+1 1
+2 1
+1 1
+1 1
+4 1
+1 1
+1 1
+1 1
+1 1
+1 1
+69 4
+1 4
+1 4
+1 4
+1 4
+2 4
+1 4
+1 4
+1 4
+1 4
+1 4
+1 4
+1 3
+4 3
+1 3
+1 3
+6 3
+1 3
+1 6
+4 3
+1 3
+3 3
+1 3
+1 3
+2 3
+1 3
+1 3
+4 3
+1 3
+1 3
+1 3
+1 3
+1 3
+69 2
+1 2
+1 2
+1 2
+1 2
+2 2
+1 2
+1 2
+1 2
+1 2
+1 2
+1 2
+1 1
+4 1
+1 1
+1 1
+6 1
+1 1
+1 2
+4 1
+1 1
+3 1
+1 1
+1 1
+2 1
+1 1
+1 1
+4 1
+1 1
+1 1
+1 1
+1 1
+1 1
+7 1
+1 1
+2 1
+1 1
+2 1
+1 1
+1 1
+2 1
+1 1
+1 1
+4 1
+1 1
+1 1
+1 1
+1 1
+1 1
+41 5
+1 5
+1 5
+1 5
+1 5
+2 5
+1 5
+1 5
+1 5
+1 5
+1 5
+1 5
+1 2
+4 2
+1 2
+1 2
+6 2
+1 2
+1 4
+4 2
+1 2
+3 2
+1 2
+1 2
+2 2
+1 2
+1 2
+4 2
+1 2
+1 2
+1 2
+1 2
+1 2
+69 9
+1 9
+1 9
+1 9
+1 9
+2 9
+1 9
+1 9
+1 9
+1 9
+1 9
+1 9
+1 3
+4 3
+1 3
+1 3
+6 3
+1 3
+1 6
+4 3
+1 3
+3 3
+1 3
+1 3
+2 3
+1 3
+1 3
+4 3
+1 3
+1 3
+1 3
+1 3
+1 3
+7 1
+1 1
+2 1
+1 1
+2 1
+1 1
+1 1
+2 1
+1 1
+1 1
+4 1
+1 1
+1 1
+1 1
+1 1
+1 1
+41 4
+1 4
+1 4
+1 4
+1 4
+2 4
+1 4
+1 4
+1 4
+1 4
+1 4
+1 4
+1 2
+4 2
+1 2
+1 2
+6 2
+1 2
+1 4
+4 2
+1 2
+3 2
+1 2
+1 2
+2 2
+1 2
+1 2
+4 2
+1 2
+1 2
+1 2
+1 2
+1 2
+7 1
+1 1
+2 1
+1 1
+2 1
+1 1
+1 1
+2 1
+1 1
+1 1
+4 1
+1 1
+1 1
+1 1
+1 1
+1 1
+41 26
+1 26
+1 26
+1 26
+1 26
+2 26
+1 26
+1 26
+1 26
+1 26
+1 26
+1 26
+1 24
+4 24
+1 24
+1 24
+6 24
+1 24
+1 48
+4 24
+1 24
+3 24
+1 24
+1 24
+2 24
+1 24
+1 24
+4 24
+1 24
+1 24
+1 24
+1 24
+1 24
+69 10
+1 10
+1 10
+1 10
+1 10
+2 10
+1 10
+1 10
+1 10
+1 10
+1 10
+1 10
+1 1
+4 1
+1 1
+1 1
+6 1
+1 1
+1 2
+4 1
+1 1
+3 1
+1 1
+1 1
+2 1
+1 1
+1 1
+4 1
+1 1
+1 1
+1 1
+1 1
+1 1
+69 10
+1 10
+1 10
+1 10
+1 10
+2 10
+1 10
+1 10
+1 10
+1 10
+1 10
+1 10
+1 5
+4 5
+1 5
+1 5
+6 5
+1 5
+1 10
+4 5
+1 5
+3 5
+1 5
+1 5
+2 5
+1 5
+1 5
+4 5
+1 5
+1 5
+1 5
+1 5
+1 5
+7 1
+1 1
+2 1
+1 1
+2 1
+1 1
+1 1
+2 1
+1 1
+1 1
+4 1
+1 1
+1 1
+1 1
+1 1
+1 1
+41 3
+1 3
+1 3
+1 3
+1 3
+2 3
+1 3
+1 3
+1 3
+1 3
+1 3
+1 3
1732 4
+1 4
+1 4
+1 4
+1 4
+2 4
+1 4
+1 4
+1 4
+1 4
+1 4
+1 4
+1 4
+4 4
+1 4
+1 4
+6 4
+1 4
+1 8
+4 4
+1 4
+3 4
+1 4
+1 4
+2 4
+1 4
+1 4
+4 4
+1 4
+1 4
+1 4
+1 4
+1 4
+69 18
+1 18
+1 18
+1 18
+1 18
+2 18
+1 18
+1 18
+1 18
+1 18
+1 18
+1 18
+1 16
+4 16
+1 16
+1 16
+6 16
+1 16
+1 32
+4 16
+1 16
+3 16
+1 16
+1 16
+2 16
+1 16
+1 16
+4 16
+1 16
+1 16
+1 16
+1 16
+1 16
+69 3
+1 3
+1 3
+1 3
+1 3
+2 3
+1 3
+1 3
+1 3
+1 3
+1 3
+1 3
+2 3
+4 3
+1 3
+1 3
+6 3
+1 3
+2 6
+4 3
+1 3
+3 3
+1 3
+1 3
+2 3
+1 3
+1 3
+4 3
+1 3
+1 3
+1 3
+1 3
+1 3
+71 125
+2 125
+1 125
+1 125
+1 125
-3 37
+1 37
+1 37
+1 37
+1 106
+5 53
+6 53
+1 53
+8 53
+1 53
-16 140
+6 140
+1 140
+8 140
+1 140

fl=(53)
fn=(164)
208 18
58 3
208 6
+3 6
+21 15
58 6
239 9
cfi=(54)
cfn=(166)
calls=3 31 
* 72
* 9
+2 9
cfi=(67)
cfn=(222)
calls=2 61 
* 5539
cfi=(2)
cfn=(168) map_doit
calls=1 641 
* 2683
69 3
+1 3
-1 3
+1 3
243 12
-25 3
+34 9
59 6
+11 9

fn=(162) _dl_catch_error
258 6
+2 1
-2 1
+2 1
-2 2
+2 1
-2 1
+2 1
cfn=(164)
calls=1 -52 
* 2751
* 1
+1 2
+1 1
+1 1
-1 1
+3 1
-2 1
+2 6

fn=(252) _dl_receive_error
190 2
58 1
190 3
+2 1
58 1
+1 1
+11 1
196 1
+2 2
cfi=(2)
cfn=(254) version_check_doit
calls=1 674 
* 4834
69 2
+1 1
201 1
+1 4

fl=(72) ./io/../sysdeps/unix/sysv/linux/pread64_nocancel.c
fn=(238) __pread64_nocancel
25 4
+1 8
+1 2

fl=(15) ./elf/../sysdeps/x86/dl-get-cpu-features.c
fn=(478) __x86_cpu_features
76 1
-37 3
+37 2

fn=(34) _dl_x86_init_cpu_features
37 1
+2 3
+2 1
cfi=(16) ./elf/../sysdeps/x86/cpu-features.c
cfn=(36) init_cpu_features.constprop.0
calls=1 728 
* 7121

fl=(20) ./elf/../sysdeps/x86/dl-cacheinfo.h
fn=(50) handle_intel.constprop.0
266 24
-5 12
+17 12
-17 96
+11 12
+6 36
+4 24
+34 96
-29 12
+3 24
-3 12
+3 12
cfn=(52) intel_check_word.constprop.0
calls=12 133 
* 4008
+2 24
+3 60
cfn=(52)
calls=12 133 
* 1286
+2 24

fn=(56) get_common_cache_info.constprop.0
624 11
+47 1
-29 1
-3 1
+32 1
-17 2
-11 1
+28 2
+4 2
-26 1
+31 1
-14 1
-15 4
+32 1
-32 9
+75 4
+8 1
+2 1
-2 5
+2 2
-2 1
-4 3
+31 2
-21 4
+2 1
+2 2
-4 3
+2 1
+2 6
+2 4
+3 2
+5 1
+2 2
+1 1
+1 1
-2 2
+1 1
-19 4
+46 2
+2 1
-1 1
+1 2
+1 1
+25 3
+11 4
+1 5
+4 2
+7 1
+1 1
+1 1
+1 7
693 6
+14 2
+4 1
+3 1
+1 1
-4 2
+3 3
+6 4
-37 12
+7 6
-7 3
+7 2
+3 20
+5 2
+4 1
+1 1
-1 2
+1 1
+61 2
+7 1
+2 2
-16 1
+22 1
-6 2
+1 2
+5 1

fn=(52)
133 48
-4 48
+10 72
+87 24
-97 72
+90 24
-90 48
+10 48
-10 24
+10 24
+73 72
-73 24
+73 48
-69 24
+2 48
-10 12
257 144
-31 144
fi=(21) ./elf/../bits/stdlib-bsearch.h
28 144
fe=(20)
+92 96
fi=(21)
-92 108
fe=(20)
+92 72
+3 324
fi=(21)
-97 768
+2 720
fe=(20)
+92 480
+21 144
+2 36
+2 132
+8 120
+51 96
fi=(21)
44 60
-18 120
+17 72
fe=(20)
165 36
+3 60
+9 18
+1 18
+1 18
+1 18
-18 18
+12 18
+23 21
-32 63
+3 63
+4 58
+2 116
+3 58
+1 50
+1 38
+1 24
+2 11
+2 22
+6 14
+3 8
+1 12
-3 9
-5 4
+2 4
+1 4
-2 4
-1 4
+2 8
-2 4
+3 4
-2 12
+2 12
+11 2
-38 6
+12 15

fl=(48) ./elf/../elf/dl-tls.c
fn=(148) _dl_count_modids
228 1
+2 2
+1 1
+15 2

fn=(266) _dl_tls_static_surplus_init
133 2
+3 1
-3 3
+3 1
-3 1
+3 1
-3 2
+3 1
cfi=(11)
cfn=(28)
calls=1 435 
* 17
* 1
+1 4
cfi=(11)
cfn=(28)
calls=1 435 
* 17
+1 1
+2 1
-3 1
+1 2
+2 3
+3 1
+2 1
-26 3
+28 3
+1 6

fn=(268) _dl_determine_tlsoffset
251 7
+35 1
-35 1
+37 3
-34 1
-1 1
-1 2
+63 3
+3 1
-3 5
+5 1
+7 1
-7 4
+3 1
-34 1
-1 2
+1 3
-1 6
+3 12
+4 1
-1 1
+5 1
-5 1
+1 1
-1 1
+3 2
+2 3
fi=(76) ./elf/../sysdeps/unix/sysv/linux/dl-extra_tls.h
32 3
+12 1
-12 1
cfi=(11)
cfn=(28)
calls=1 435 
* 18
+1 3
+4 10
+14 4
cfi=(11)
cfn=(28)
calls=1 435 
* 18
+1 3
fe=(48)
350 6
455 1
-94 1
+2 1
-2 2
+3 7
+2 2
+90 7
fi=(76)
54 1
fe=(48)
344 3
+6 3

fn=(466) _dl_tls_initial_modid_limit_setup
1138 1
+1 1
+3 4
+6 2
-6 3
+2 6
+1 4
+6 1
+1 1

fn=(464) _dl_add_to_slotinfo
1177 1
+1 5
-1 4
+9 1
+3 1
+1 1
+4 3
+36 2
+3 2
+1 3
+5 1
-3 1
+4 2

fn=(242) _dl_assign_tls_modid
161 1
+16 1
-13 1
-3 3
+3 1
+55 1
-2 1
+5 1
+1 2

fn=(272) _dl_allocate_tls_storage
517 7
fi=(77) ./elf/./dl-tls_block_align.h
23 1
fe=(48)
+74 1
523 2
fi=(28)
56 1
cfi=(27)
cfn=(76)
calls=1 -20 
* 83
fe=(48)
525 2
fi=(77)
41 2
+6 4
+5 1
fi=(28)
-8 1
fi=(77)
+3 1
+1 1
+4 304
fe=(48)
535 1
-70 1
+5 1
fi=(28)
44 1
cfi=(27)
cfn=(72)
calls=1 +36 
* 29
fe=(48)
471 2
-2 1
+11 1
-11 1
+11 1
+60 2
-23 1
103 1
545 6

fn=(468) _dl_allocate_tls_init
612 10
+1 2
+4 1
+9 2
-3 2
cfi=(24)
cfn=(84)
calls=1 43 
* 3
+3 3
+12 3
+70 2
cfi=(24)
cfn=(84)
calls=1 43 
* 3
+3 1
+3 9
-52 1
-42 1
-1 1
+43 2
-19 11
+26 2
+1 4
+2 2
+1 2
+9 1
+10 2
+2 6
cfi=(29)
cfn=(128)
calls=1 197 
* 21
* 5
cfi=(45)
cfn=(132)
calls=1 137 
* 25
-51 1
+55 1
+4 2
-59 4
+6 4
+3 3
+1 2
+6 3
+3 1
-2 1
+6 1
-6 1
+2 2
+4 1
-4 3
+3 2
+41 2

fl=(27)
fn=(76)
36 24
+1 72
+11 69
+3 23
-3 23
+3 46
-3 2
+3 1
-3 1
+3 90
+5 8
+1 4
-21 2
+24 6
-24 6
+24 2
-24 2
+23 2
+1 4
-24 2
+24 2
cfi=(60)
cfn=(192)
calls=2 -13 
* 52
+2 4
+2 10
cfi=(61)
cfn=(194)
calls=2 -4 
* 51
+1 8
+2 2
+4 2
-1 2
-3 2
+4 2
+2 10
-3 22
+1 22
+2 22
-30 1
-1 1
+1 1
+1 2
-2 2

fn=(144) __minimal_free
97 1
+2 4

fn=(72)
80 8
+4 8
-4 32
+7 8
+1 24
fi=(28)
-32 8
cfi=(27)
cfn=(76)
calls=8 -20 
* 256
fe=(27)

fl=(60)
fn=(192)
47 12
+3 24
-3 72
+6 24
+5 72
+2 48
-7 29

fl=(7) ./elf/./elf/dl-minimal.c
fn=(484) __rtld_malloc_init_real
76 2
+10 1
+5 1
-15 3
+15 1
-15 5
+10 1
+2 1
+1 1
+2 1
cfn=(486) lookup_malloc_symbol
calls=1 -30 
* 574
+1 3
-1 1
+1 1
cfn=(486)
calls=1 -31 
* 611
+1 3
-1 1
+1 1
cfn=(486)
calls=1 -32 
* 607
+1 3
-1 1
+1 1
cfn=(486)
calls=1 -33 
* 626
+5 1
+1 1
+1 1
+1 1
+1 8

fn=(136) strsep
239 2
+3 6
+2 2
+1 4
+4 3
-2 3
+4 28
+5 84
-2 56
+13 1
+4 4
-22 14
+15 14
-15 30

fn=(12) __rtld_malloc_init_stubs
42 1
+1 2
+1 2
+1 2
+1 2
+1 1

fn=(486)
61 8
+3 4
-3 12
+3 4
-3 4
+3 20
-1 4
+1 4
cfi=(82)
cfn=(294)
calls=4 767 
* 2266
+4 32
+1 24
+2 4
fi=(149) ./elf/./dl-sym-post.h
-30 8
+12 12
fe=(7)
+19 12

fl=(42)
fn=(124)
25 2
+1 3
+1 1
+20 1

fn=(120)
51 110
-25 33
+36 5
-7 5
+7 35
-26 24
+5 27
cfi=(43)
cfn=(122)
calls=9 -9 
* 216
+1 18
+3 18
+11 6
+1 18
+1 12
-13 6
+11 3
+1 9
+1 6
-28 24
+4 54
+1 12
-1 30
+24 6
+9 12
-5 6
-2 6
+2 42
-19 6
cfi=(22)
cfn=(60)
calls=3 +14 
* 51
* 3

fl=(9) ./elf/../sysdeps/unix/sysv/linux/dl-sysdep.c
fn=(516) _dl_sysdep_start_cleanup
147 1
+1 1

fn=(16) _dl_sysdep_start
102 5
+4 1
-4 1
+1 1
+3 1
cfn=(18) _dl_sysdep_parse_arguments
calls=1 -28 
* 412
+4 2
cfi=(11)
cfn=(22) __GI___tunables_init
calls=1 294 
* 8006
+3 1
cfi=(13)
cfn=(26) _dl_sort_maps_init
calls=1 289 
* 32
+2 2
cfi=(14) ./elf/../sysdeps/unix/sysv/linux/brk.c
cfn=(30) brk
calls=1 -79 
* 8
fi=(6) ./elf/../sysdeps/x86_64/dl-machine.h
+94 1
cfi=(15)
cfn=(34)
calls=1 37 
* 7126
fe=(9)
-87 3
+1 1
cfi=(22)
cfn=(60)
calls=1 -66 
* 17
* 1
+2 2
cfi=(23) ./elf/../misc/sbrk.c
cfn=(62) sbrk
calls=1 -88 
* 13
* 3
+12 3
+3 5
cfi=(2)
cfn=(64) dl_main
calls=1 1356 
* 115514
+3 4

fn=(18)
78 1
+2 1
-2 7
+1 1
+1 1
-1 1
+2 3
+2 3
-1 1
+1 2
-1 32
+1 64
+7 56
fi=(10) ./elf/../sysdeps/unix/sysv/linux/dl-parse_auxv.h
-48 1
fe=(9)
+44 1
fi=(10)
-53 1
fe=(9)
+53 1
fi=(10)
-53 1
+1 1
+1 1
+7 3
+1 44
+1 22
-2 22
+2 22
-2 66
+13 1
+10 1
fe=(9)
+29 1
fi=(10)
-27 1
fe=(9)
+26 1
+2 1
fi=(10)
-40 1
+2 1
fe=(9)
+37 1
fi=(10)
-47 1
+10 1
+8 1
-17 1
+1 1
+16 1
-15 1
+1 1
+14 1
+2 1
-15 1
+1 1
+1 2
+13 3
-18 1
+6 1
-5 1
+5 1
+2 1
-6 1
+6 1
fe=(9)
+37 1
fi=(10)
-42 1
-4 1
+5 1
+1 1
-8 1
+21 1
-20 1
+18 1
fe=(9)
+28 1
+1 1
+1 1
+1 8

fl=(11)
fn=(22)
294 1
+6 3
-6 1
+10 2
-10 3
-39 1
+39 1
+10 1
-10 2
+10 1
-10 3
+10 28
+2 1
43 170
+6 33
-3 33
+3 2511
+4 66
+4 33
fi=(12) ./elf/./elf/dl-tunables.h
161 86
fe=(11)
+27 33
319 132
+1 33
+2 99
-3 1056
+1 264
+2 792
-5 924
fi=(12)
160 311
+1 1244
-1 70
fe=(11)
337 6
+6 27
-3 27
+12 8

fn=(58) __GI___tunable_set_val
162 6
-89 6
+89 18
-89 48
+21 6
-11 6
+12 6
-1 18
+1 24
+4 12
+2 12
+4 6
-4 12
+11 12
+1 12
+3 12
+1 6
+1 6
+1 6
+47 6

fn=(28)
435 33
+3 66
-3 33
+3 165
+9 30
-9 60
+19 21
+7 99
+2 33
-19 12
+1 12
+9 6

fl=(44)
fn=(126)
59 1
+12 1
+1 1
+22 1
+1 1
+45 1
+1 1
+2 1
+1 1
+2 1
+1 1
+2 1
+1 1
+47 1
+1 1
+1 1
+1 1
+1 1
+1 1

fl=(66) ./io/../sysdeps/unix/sysv/linux/access.c
fn=(216) access
25 1
+2 7
+4 1

fl=(146)
fn=(472)
105 4
+10 4
+1 4
-11 4
+1 8
+1 4
+8 4
+1 4
+5 16
+1 8
-19 8
+21 96
-2 156
+2 156
+3 4
+5 4
-5 8
+16 8
+5 4
+1 4

fl=(57) ./io/../sysdeps/unix/sysv/linux/read_nocancel.c
fn=(184) __read_nocancel
25 2
+1 8
+1 2

fl=(51) ./elf/./elf/dl-audit.c
fn=(156) _dl_audit_activity_map
29 1
+2 4

fn=(214) _dl_audit_objopen
77 2
+1 8

fn=(518) _dl_audit_activity_nsid
41 1
+4 2
+1 1
-1 1
+2 5

fn=(580) _dl_audit_preinit
118 1
+1 4

fl=(69) ./io/../sysdeps/unix/sysv/linux/fstatat64.c
fn=(228) fstatat
146 6
-55 6
+70 7
+1 1
-2 4
+1 4

fl=(80)
fn=(282) _dl_cet_check
361 5
-86 2
+2 2
-1 1
+6 1
+3 1
-3 1
+1 1
-1 1
+1 1
-1 1
+1 1
+5 2
+5 2
+3 1
+4 2
+5 2
-1 1
+9 2
157 1
-12 2
+12 2
-7 1
+24 2
+5 1
363 2
-61 2
+1 2

fn=(528)
331 1
+3 2
+16 1

fl=(13)
fn=(26)
289 2
+1 2
-1 2
+1 2
cfi=(11)
cfn=(28)
calls=1 435 
* 18
+2 3
-1 1
+2 2

fn=(248)
298 12
+8 1
-8 1
+8 2
-95 1
-28 1
-2 1
+1 1
+29 1
-28 4
+1 1
-1 1
+1 1
-1 2
+1 3
-1 3
+1 3
-1 6
+28 14
+8 5
-3 4
+2 4
+3 13
+2 4
-83 20
cfn=(250) dfs_traversal.part.0
calls=4 -5 
* 92
+86 16
+18 7
+19 3
cfi=(29)
cfn=(80)
calls=1 -53 
* 11
+13 4
+7 1
+27 8

fn=(250)
135 20
+10 4
-2 4
+2 8
+2 8
-7 4
+7 10
-7 2
+16 8
+15 12
+1 4
+1 8

fl=(147) ./elf/../sysdeps/nptl/dl-mutex.c
fn=(480) __rtld_mutex_init
30 2
+10 4
-10 3
+7 1
+3 2
cfi=(148) ./elf/./elf/dl-lookup-direct.c
cfn=(482) _dl_lookup_direct
calls=1 +34 
* 262
+4 2
+1 9
+2 5
-2 1
+2 1
cfi=(148)
cfn=(482)
calls=1 +27 
* 217
* 1
+4 2
+1 6
+1 2
-1 1
+1 2

fl=(25) ./elf/./elf/dl-environ.c
fn=(68) _dl_next_ld_env_entry
28 3
+1 3
+3 41
+13 31
-13 62
+2 66
+1 18
+5 2
-3 2
+3 2
+2 2

fl=(22)
fn=(60)
57 15
+44 15
+1 15
+1 15
+1 15
+1 15
+1 15
+1 15
+2 15
+2 15
+31 15
+1 15
+1 15
+1 15
+1 15
+1 9
+2 9
+4 6
+1 6
+1 6
+1 6
+1 6
+1 6
+1 6
+1 6
+1 6
+1 6
+1 6
+1 6
+5 48

fl=(70) ./elf/./elf/dl-cache.c
fn=(520) _dl_unload_cache
508 1
+1 4
-1 1
+3 1
-3 1
+3 1
cfi=(144) ./misc/../sysdeps/unix/syscall-template.S
cfn=(522) munmap
calls=1 117 
* 6
+7 1
-6 1
+4 1
+2 1

fn=(236) _dl_cache_libcmp
340 8
+1 8
-1 8
+1 16
+22 78
+2 78
-12 32
+16 32
+1 32
-29 64
+4 40
-2 80
+2 40
-2 80
+2 2
+6 1
+2 1
-2 1
+1 1
-1 1
+1 1
+1 3
+2 4
+2 2
-16 3
+32 3
-7 21

fn=(230) _dl_load_cache_lookup
386 10
+2 2
+3 3
+74 3
206 3
468 2
199 2
332 2
206 4
+2 35
+1 7
-23 7
+23 7
+4 14
+4 21
cfn=(236)
calls=7 340 
* 562
+1 14
329 6
+1 4
206 8
499 7
228 1
+3 2
+2 4
cfn=(236)
calls=1 340 
* 78
* 2
-7 3
+9 6
fi=(215) ./elf/../sysdeps/x86/dl-isa-level.h
28 6
fe=(70)
245 2
+10 3
+1 4
+16 1
fi=(71) ./elf/../sysdeps/generic/dl-cache.h
125 1
fe=(70)
272 4
+9 2
+5 2
+27 2
483 2
+12 2
cfi=(22)
cfn=(60)
calls=1 57 
* 35
+1 1
-1 1
+1 10
+1 1
-1 1
+1 1
-1 1
+1 1
cfi=(29)
cfn=(80)
calls=1 210 
* 19
* 1
+1 1
cfi=(46)
cfn=(140)
calls=1 40 
* 91
+1 8
-3 2
394 4
cfi=(55)
cfn=(232)
calls=1 36 
* 103
* 1
+8 5
+1 8
+3 3
+1 1
-1 4
fi=(71)
194 1
+1 5
fe=(70)
414 1
+1 2

fl=(23)
fn=(62)
37 5
+3 1
+18 2
+4 2
+16 3

fl=(50)
fn=(154)
28 2
+1 2

fl=(82)
fn=(300) check_match
70 210
+3 832
+13 515
-16 927
+19 421
cfi=(34)
cfn=(98)
calls=43 +9 
* 2345
* 86
+4 206
+1 206
+4 200
+4 200
+1 900
+1 500
cfi=(34)
cfn=(98)
calls=100 -6 
* 5294
* 200
+54 100
-54 200
+55 721
-1 3
-17 6
+2 6
+1 3
-1 6
+1 9
-1 6
-70 8
+86 4

fn=(294)
767 1320
fi=(83) ./elf/../sysdeps/generic/dl-new-hash.h
74 110
fe=(82)
767 330
fi=(83)
77 220
-8 110
+1 220
+10 110
+1 220
-1 681
+1 1362
+20 739
-2 739
+6 739
-3 1478
+2 739
-30 739
+3 1478
fe=(82)
769 110
+1 110
+3 110
-4 110
+1 110
+7 420
+5 220
-2 220
+6 330
-15 330
+15 915
+1 1540
cfn=(298) do_lookup_x
calls=110 344 
* 42687
* 330
+5 440
+23 103
+1 598
+7 103
-7 103
+35 412
+14 309
+3 206
+17 206
+2 990
fi=(83)
87 52
+1 52
+1 104
+1 52
fe=(82)
794 49
+17 7
+1 14
+54 2

fn=(298)
344 1650
+6 110
+59 110
-58 110
fi=(84) ./elf/../sysdeps/generic/dl-protected.h
29 110
fe=(82)
409 110
fi=(84)
29 110
fe=(82)
409 770
-26 716
+4 716
+6 1074
+8 358
-4 358
+1 358
+3 1432
+1 716
+3 358
-3 358
+4 716
+7 358
-3 716
-2 358
+5 1074
+3 2506
+99 765
355 1074
+3 716
+4 716
518 14
fi=(4) ./elf/../sysdeps/generic/ldsodefs.h
151 206
+1 309
fe=(82)
473 206
fi=(84)
29 206
fe=(82)
480 796
+16 206
+1 103
+1 103
+21 880
-99 315
-1 210
+2 210
+2 105
+6 315
-6 105
+6 840
+7 423
-10 1220
+2 105
+1 315
-1 105
+1 210
-1 105
+1 315
+1 105
-1 105
+1 105
-1 630
cfn=(300)
calls=105 70 
* 14114
+4 1139
+51 21
-17 4
-22 14

fl=(31)
fn=(220)
228 4
+3 2
-3 4
+7 2
-7 6
+3 2
cfi=(43)
cfn=(122)
calls=2 32 
* 72
+3 4
+20 14

fn=(210) _dl_notify_new_object
908 8
+2 2
-2 10
+2 2
cfi=(47)
cfn=(212)
calls=2 94 
* 14
* 2
+1 6
+21 10
-4 4
+7 2
-2 4
+2 8
-2 2
cfi=(51)
cfn=(214)
calls=2 77 
* 10

fn=(178) _dl_map_new_object
1952 30
+10 4
+12 2
-5 2
-15 2
+20 4
+14 6
cfi=(43)
cfn=(122)
calls=2 32 
* 48
* 4
2140 2
-1 3
cfn=(138) expand_dynamic_string_token
calls=1 375 
* 159
+6 1
-6 1
+2 2
+4 7
cfn=(180) open_verify.constprop.0
calls=1 1511 
* 105
+3 2
-3 1
+3 1
+12 6
+46 22
cfn=(186) _dl_map_object_from_fd
calls=2 948 
* 4323
* 2
+2 16
1992 2
cfi=(22)
cfn=(60)
calls=1 57 
* 17
* 2
+2 2
+7 4
+51 13
cfn=(224) open_path
calls=1 1760 
* 564
+6 1
-6 1
+6 2
-53 1
+1 1
670 5
2010 3
656 3
2010 3
+15 2
+1 7
656 3
2051 2
+1 2
656 3
2073 2
cfi=(70)
cfn=(230)
calls=1 386 
* 1162
* 1
+2 2
+4 2
+31 1
-23 2
+23 7
cfn=(180)
calls=1 1511 
* 135
+4 2
-4 1
+4 1
+1 1
+17 2
-65 2
+2 3
-33 2

fn=(88) _dl_process_pt_gnu_property
842 3
+8 6
-6 3
+12 6
-13 3
+13 3
-13 6
+13 6
+3 9
+1 6
+1 6
+3 9
+1 9
+4 3
+1 6
+22 9
+2 12
-20 10
+4 10
-3 5
+6 5
+1 15
fi=(32) ./elf/../sysdeps/x86/dl-prop.h
95 20
+7 10
+16 5
-3 10
252 4
+5 2
-4 2
+4 6
+3 2
-6 6
+1 3
+2 12
+3 4
fe=(31)

fn=(110) _dl_init_paths
680 11
+14 1
-14 2
+14 2
cfi=(39)
cfn=(112)
calls=1 171 
* 1202
fi=(28)
56 1
fe=(31)
694 1
fi=(28)
56 1
cfi=(27)
cfn=(76)
calls=1 -20 
* 18
fe=(31)
699 1
+2 2
+7 2
+1 1
-1 3
+5 3
fi=(28)
56 1
cfi=(27)
cfn=(76)
calls=1 -20 
* 18
fe=(31)
713 1
+2 5
+7 1
+8 2
+5 1
-14 1
+16 1
-7 1
+11 1
-6 1
+9 3
-2 1
+2 1
-8 1
+6 1
+2 2
-12 1
+9 2
+1 16
cfi=(45)
cfn=(132)
calls=4 137 
* 56
+2 18
-14 3
+10 3
-8 3
+12 3
-8 3
-6 3
+5 3
+1 3
-4 3
+8 9
+1 6
+15 1
+3 1
-15 1
+7 1
-1 1
+9 2
+2 4
+2 3
+36 5
+2 2
cfi=(22)
cfn=(60)
calls=1 57 
* 17
* 8
-19 1
-2 1
+2 2
+19 9
cfi=(29)
cfn=(80)
calls=1 210 
* 11
* 1
+5 4
-1 4
+2 1
+1 2
-2 4
+1 13
+1 26
-2 52
+5 1
fi=(28)
56 1
cfi=(27)
cfn=(76)
calls=1 -20 
* 18
fe=(31)
810 1
+2 2
+6 7
cfn=(134) fillin_rpath.isra.0
calls=1 442 
* 555
+3 3
+6 1
+4 8
-35 2
+5 2

fn=(186)
948 22
+15 2
-15 4
+15 2
-15 2
+15 4
+85 8
+10 4
+7 14
cfi=(26) ./elf/./elf/dl-object.c
cfn=(70) _dl_new_object
calls=2 59 
* 826
* 2
+1 4
+11 2
+1 2
-1 2
+2 2
+3 2
-1 2
-2 2
+3 6
+1 2
+19 2
-2 1
+2 9
-2 1
+2 25
+10 2
-10 4
+10 6
+27 2
-33 2
-3 2
+2 2
-1 2
+44 2
fi=(30) ./elf/../include/stackinfo.h
62 2
fe=(31)
1139 2
-41 2
+50 2
fi=(30)
62 6
fe=(31)
1113 98
+26 48
+10 16
-1 8
-1 8
+1 16
+1 8
+2 8
-3 8
+1 8
+2 8
+2 8
-4 8
+1 8
+3 8
-4 8
+4 40
+2 16
+13 34
fi=(30)
62 12
fe=(31)
1173 6
fi=(30)
62 42
fe=(31)
1147 12
-35 18
fi=(30)
62 4
fe=(31)
1173 2
fi=(30)
62 14
fe=(31)
1147 4
-35 57
+1 135
1214 2
1112 2
1214 4
1112 6
1219 8
1078 2
1229 2
1078 12
1230 2
-1 2
+1 2
-1 6
+1 6
-1 6
+1 6
-1 18
+7 4
+10 8
+7 8
fi=(62) ./elf/./dl-map-segments.h
29 2
fe=(31)
1253 6
fi=(62)
29 4
+1 14
cfi=(60)
cfn=(192)
calls=2 +17 
* 56
+72 2
-72 2
+73 4
+3 4
+1 2
-1 2
+1 2
+2 4
+17 2
-44 2
fi=(63) ./elf/./dl-load.h
+9 16
fi=(62)
+59 32
+6 2
+2 2
-2 2
+3 2
-2 2
+2 2
-1 4
+3 6
+5 4
+3 6
+8 14
cfi=(45)
cfn=(132)
calls=2 -40 
* 294
* 4
+6 4
+41 8
-88 32
+2 24
+2 12
+1 6
-1 30
cfi=(60)
cfn=(192)
calls=6 -93 
* 126
* 12
fe=(31)
1054 2
fi=(59) ./elf/../sysdeps/posix/dl-fileid.h
37 4
cfi=(58)
cfn=(188)
calls=2 -7 
* 12
* 4
+3 2
fe=(31)
999 2
fi=(59)
40 2
+1 4
fe=(31)
999 27
+1 10
fi=(59)
49 12
fe=(31)
1458 18
1133 2
+1 1
-15 4
+7 2
+2 2
-2 2
+1 2
+1 2
-1 4
+1 16
fi=(30)
62 16
fe=(31)
1211 2
-34 3
+5 1
-1 2
+5 1
-5 2
-55 1
+60 4
+1 1
+3 1
-3 1
+8 4
1086 12
+1 2
-1 1
+1 1
-1 1
+1 1
cfi=(72)
cfn=(238)
calls=1 25 
* 7
* 2
-69 4
1269 8
+1 6
fi=(64) ./elf/./elf/get-dynamic-info.h
39 4
+6 2
-2 2
+2 4
+8 3
+15 3
-23 12
+23 44
-23 176
+4 94
+3 13
-1 26
+3 40
+1 32
fi=(63)
+37 4
+2 1
-1 1
+1 1
-1 2
+1 1
-1 2
+3 4
fi=(64)
-40 10
+3 8
+13 8
+12 7
+1 8
+1 8
+1 8
+1 7
+1 7
+1 7
+1 8
+12 2
+7 2
-7 14
+7 4
+5 2
+7 2
+1 6
+6 6
+1 3
+17 6
+5 2
+2 2
+2 2
+2 2
+1 1
+3 6
+2 6
+1 4
+9 4
+6 4
+1 2
+3 4
fe=(31)
1276 4
+1 4
+2 4
+10 6
+19 6
+2 10
+20 6
+1 2
+6 12
+1 42
+6 8
cfn=(88)
calls=2 842 
* 149
-7 56
+1 27
+6 27
-6 54
fi=(32)
149 12
fe=(31)
984 4
1086 2
1349 4
cfi=(65)
cfn=(206)
calls=2 25 
* 12
* 4
+13 4
+2 8
+2 4
+16 4
cfi=(8) ./elf/./elf/dl-setup_hash.c
cfn=(14) _dl_setup_hash
calls=2 25 
* 54
+4 4
+1 4
+17 4
+1 1
+3 4
+5 2
-5 4
+5 2
+5 4
+10 8
+8 4
+1 4
+5 2
cfi=(48)
cfn=(242)
calls=1 161 
* 12
+7 6
cfi=(26)
cfn=(82) _dl_add_to_namespace_list
calls=2 31 
* 90
+3 4
+3 8
cfn=(210)
calls=2 908 
* 84
+2 2
fi=(62)
189 4
-3 1
+3 4
-3 6
+3 1
cfi=(60)
cfn=(192)
calls=1 47 
* 21
+3 2
+2 1
cfi=(61)
cfn=(240)
calls=1 33 
* 6
* 2
fi=(4)
-98 8
+3 2
+1 1
-1 2
+1 1
fe=(31)
1429 5
cfi=(34)
cfn=(98)
calls=1 98 
* 68
* 2
+1 3
fi=(64)
62 8
+2 8
fe=(31)

fn=(170)
2213 21
+1 3
-1 21
+1 6
cfn=(172) _dl_lookup_map
calls=3 1917 
* 1339
+1 9
+3 10
-1 10
+1 12
-1 2
cfn=(178)
calls=2 1952 
* 6726

fn=(180)
1511 50
+32 5
-32 10
+32 10
+19 20
cfi=(56)
cfn=(182)
calls=5 28 
* 114
* 5
+2 10
+8 2
+1 4
+6 2
-1 4
+1 2
-1 2
cfi=(57)
cfn=(184)
calls=2 25 
* 12
* 2
+4 2
-2 4
+2 4
+2 4
+6 4
+15 26
+83 4
+5 4
+8 8
+6 4
+6 2
+1 2
-1 2
+1 6
+33 45
-29 12
+1 2
-1 1
+1 1
cfi=(72)
cfn=(238)
calls=1 25 
* 7
* 2
1548 6
+57 3
1718 2
+24 6

fn=(224)
1760 8
+1 2
+6 2
+5 13
+57 2
-57 6
-7 1
-1 1
+65 1
-20 2
-34 1
+8 1
-8 1
+8 2
+7 5
cfi=(29)
cfn=(128)
calls=1 197 
* 13
* 3
+1 11
+3 6
+5 21
cfi=(29)
cfn=(128)
calls=3 197 
* 39
* 12
cfi=(29)
cfn=(128)
calls=3 197 
* 39
+3 6
+6 6
+3 21
cfn=(180)
calls=3 1511 
* 177
* 3
+2 9
+2 6
+98 9
1791 7
+99 8
+6 2
-2 1
+2 2
+3 3
1770 2
+51 18
+6 6
+2 3
-2 3
+2 6
cfi=(68) ./io/../sysdeps/unix/sysv/linux/stat64.c
cfn=(226) stat
calls=3 28 
* 46
* 3
+3 3
-3 3
+1 1
+4 1
-4 2
+4 5
-43 2
+43 2
-43 4
-19 2

fn=(172)
1917 18
+1 6
+1 6
+3 36
+5 49
+2 21
cfi=(55)
cfn=(174)
calls=7 68 
* 1036
* 14
+2 12
fi=(4)
96 18
+4 2
-1 10
+1 2
fe=(31)
1931 4
+1 6
cfi=(34)
cfn=(98)
calls=2 98 
* 75
* 4
+13 8
-1 2
+1 10

fn=(138)
375 14
231 2
375 2
231 4
cfi=(43)
cfn=(122)
calls=2 32 
* 72
+3 4
400 2
-11 2
+11 8
-11 2
cfi=(46)
cfn=(140)
calls=2 40 
* 156

fn=(134)
442 9
+4 1
-4 9
+6 3
cfi=(7)
cfn=(136)
calls=1 239 
* 242
* 3
cfi=(7)
cfn=(136)
calls=1 239 
* 9
* 6
+7 2
+2 3
cfn=(138)
calls=1 -82 
* 109
* 1
+4 2
+5 2
cfi=(22)
cfn=(60)
calls=1 57 
* 17
* 1
+1 2
+7 4
+9 15
+1 8
fi=(28)
50 2
cfi=(27)
cfn=(144)
calls=1 +47 
* 5
+1 1
fe=(31)
502 4
+4 3
fi=(28)
56 1
cfi=(27)
cfn=(76)
calls=1 -20 
* 18
* 1
fe=(31)
508 2
+5 1
+1 2
-1 1
-1 1
+2 1
cfi=(29)
cfn=(128)
calls=1 197 
* 13
+3 1
-3 1
+1 1
+2 1
+7 3
-1 7
+2 1
-1 1
+1 1
-1 3
+1 1
-1 2
+1 1
+2 2
+1 3
+1 1
+6 2
+1 1
+3 3
-60 2
-22 2
+88 1
+3 8
-24 2

fl=(68)
fn=(226)
28 6
+1 12
cfi=(69)
cfn=(228)
calls=3 146 
* 28

fl=(52) ./string/../string/strcspn.c
fn=(160) strcspn
32 5
+1 3
+1 2
+5 6
+1 4
+1 4
+1 4
+2 1
+3 3
+1 2
-1 6
+1 4
+3 4
+1 4
+1 4
+1 4
+2 3
+6 1
-1 1
+1 1
+2 2
-1 2
+2 1
+2 6
-5 11
-1 11
+1 11
+2 22
-1 22
+2 11
+2 66
+2 1
+1 2
+1 1
-1 2
+1 1

fl=(2)
fn=(262) init_tls
734 1
+6 1
-6 3
+2 2
+4 1
fi=(28)
44 1
fe=(2)
751 1
fi=(28)
44 1
fe=(2)
746 1
+4 1
fi=(28)
44 1
cfi=(27)
cfn=(72)
calls=1 +36 
* 29
fe=(2)
759 1
-10 1
-3 1
+10 1
+3 1
cfi=(48)
cfn=(266)
calls=1 133 
* 73
+3 1
cfi=(48)
cfn=(268)
calls=1 251 
* 162
+7 1
cfi=(48)
cfn=(272)
calls=1 517 
* 460
* 1
+1 2
+6 1
fi=(78) ./elf/../sysdeps/generic/dl-call_tls_init_tp.h
31 2
fe=(2)
776 1
fi=(78)
31 6
+2 1
cfi=(24)
cfn=(278)
calls=1 +36 
* 96
fe=(2)
783 1
-3 1
+3 4

fn=(168)
641 2
+2 1
-2 4
+2 1
+1 2
-1 2
+1 3
cfi=(31)
cfn=(170)
calls=1 2213 
* 2664
* 1
+2 3

fn=(64)
1356 2
196 1
1356 11
198 1
301 1
+1 1
196 1
+99 3
1368 1
cfi=(24)
cfn=(66)
calls=1 54 
* 17
2745 1
2513 1
2745 3
2584 1
+2 1
+15 2
-13 2
cfi=(25)
cfn=(68)
calls=1 28 
* 41
* 4
cfi=(25)
cfn=(68)
calls=2 28 
* 191
* 9
+4 6
-2 2
+2 8
+1 2
-1 6
+1 17
-1 89
+9 12
2712 2
+10 3
1378 1
+1 2
-1 2
+1 2
2673 3
-47 2
+10 2
1646 8
cfi=(26)
cfn=(70)
calls=1 59 
* 197
* 1
+2 2
+1 3
+6 1
-5 2
+1 3
+4 1
cfi=(26)
cfn=(82)
calls=1 31 
* 33
+1 2
1095 1
-1 1
1361 1
1122 1
-21 2
+21 1
-19 1
+1 1
+18 1
-21 1
+21 2
+1 1
-1 1
-25 1
+22 1
+4 115
+33 8
-1 4
+1 16
-1 4
+2 8
+1 1
+2 12
+1 14
+4 8
+1 8
+1 4
+4 8
-49 31
+88 22
+6 4
cfi=(31)
cfn=(88)
calls=1 842 
* 87
-7 28
+1 14
+6 14
-6 28
fi=(32)
149 6
fe=(2)
1127 1
-5 1
+5 2
-5 2
+21 1
-21 1
+21 1
+2 1
-3 1
+5 1
-2 1
-23 2
+10 2
-10 1
+10 1
+1 9
-11 2
+1 14
+80 1
-81 1
+81 2
-81 3
fi=(30)
62 2
fe=(2)
1122 1
fi=(30)
62 6
fe=(2)
1122 4
1222 4
+3 3
+2 2
1679 1
cfi=(33)
cfn=(94)
calls=1 24 
* 33
fi=(4)
96 3
+3 4
+1 1
fe=(2)
1685 3
+1 4
cfi=(34)
cfn=(98)
calls=1 98 
* 45
* 2
+13 2
+2 2
fi=(3) ./elf/./get-dynamic-info.h
39 4
+6 1
-2 1
+2 2
+23 26
-23 104
+4 52
+3 6
-1 12
+3 24
+1 20
+17 4
+43 2
+7 3
+1 4
+6 3
+18 4
+5 2
+2 2
+2 2
+2 2
+1 2
+3 4
+2 3
+1 2
+9 2
+6 2
+1 3
+3 3
fi=(4)
-88 4
fe=(2)
1714 2
cfi=(8)
cfn=(14)
calls=1 25 
* 27
+3 2
fi=(35) ./elf/./setup-vdso.h
24 2
fi=(38) ./elf/./dl-main.h
+85 2
fi=(37) ./elf/../sysdeps/unix/sysv/linux/dl-vdso-setup.h
-55 1
fi=(38)
+55 3
cfi=(31)
cfn=(110)
calls=1 680 
* 2207
fe=(2)
1742 3
cfi=(47)
cfn=(146)
calls=1 120 
* 21
+7 1
-5 1
-2 1
+7 1
+4 1
+1 1
+2 1
-3 3
+1 2
+3 1
1252 1
1755 1
1252 1
+1 2
+5 1
-3 2
+2 1
+11 1
-10 1
+3 1
+7 3
+4 1
-5 1
+5 3
-3 7
-1 14
+2 22
+2 4
+1 8
-1 8
+2 8
+5 4
-10 4
+10 8
-11 10
+18 1
+1 2
-1 2
223 1
fi=(4)
79 1
fe=(2)
224 1
-1 1
+1 1
fi=(4)
79 1
fe=(2)
224 3
1771 2
+4 1
1362 1
1776 2
+24 1
cfi=(48)
cfn=(148)
calls=1 228 
* 6
* 1
fi=(49) ./elf/../sysdeps/generic/dl-debug.h
29 4
+1 1
fe=(2)
1806 3
cfi=(47)
cfn=(152)
calls=1 104 
* 11
+1 1
+4 3
cfi=(51)
cfn=(156)
calls=1 29 
* 5
+5 3
+2 1
+2 2
+9 2
+16 3
cfi=(66)
cfn=(216)
calls=1 25 
* 9
* 2
+76 4
+16 3
84 1
1947 1
84 2
1947 1
84 1
1947 7
cfi=(67)
cfn=(218)
calls=1 143 
* 7212
91 1
1957 2
-4 1
+16 1
91 2
+9 2
1953 7
+1 1
-1 1
+1 1
-1 2
+1 3
-1 3
+1 3
-1 6
+4 1
+1 2
+1 1
+2 14
+1 9
+7 2
+1 1
-1 1
+1 2
+2 1
+2 2
+16 4
+1 2
+1 3
+10 1
+2 1
-1 3
+1 3
-1 1
+1 1
cfi=(53)
cfn=(252)
calls=1 190 
* 4855
+10 1
+1 2
+3 2
820 1
fi=(216) ./elf/../sysdeps/unix/sysv/linux/dl-osinfo.h
39 2
fe=(2)
822 1
fi=(216)
52 1
fe=(2)
831 1
+2 1
+5 1
2023 3
2222 2
+4 1
-4 1
+10 1
-6 1
+6 1
+3 2
+8 2
fi=(32)
36 2
+1 4
+16 8
-13 3
+9 6
-9 1
+9 16
+4 12
-16 8
+34 2
fe=(2)
2247 1
fi=(32)
71 1
cfi=(80)
cfn=(282)
calls=1 361 
* 45
fe=(2)
2247 2
+3 1
+5 2
84 1
2260 1
-1 2
84 3
2259 5
cfi=(81) ./elf/./elf/dl-reloc.c
cfn=(284) _dl_relocate_object
calls=1 343 
* 71047
91 3
+9 2
-16 2
2268 1
84 2
2268 1
+1 18
+2 8
+5 8
+2 8
+6 4
+2 32
cfi=(81)
cfn=(284)
calls=4 343 
* 17170
+4 10
+1 2
-22 1
+22 1
cfi=(48)
cfn=(464)
calls=1 1177 
* 27
-22 4
91 3
+1 2
2298 1
cfi=(48)
cfn=(466)
calls=1 1138 
* 23
+6 2
+4 4
+2 1
+7 4
cfi=(48)
cfn=(468)
calls=1 612 
* 161
+3 2
+4 3
+3 1
cfi=(145)
cfn=(470)
calls=1 578 
* 876
+5 2
84 1
2336 4
84 3
2336 2
cfi=(81)
cfn=(286) _dl_relocate_object_no_relro
calls=1 207 
* 257
91 3
+9 2
2339 1
cfi=(147)
cfn=(480)
calls=1 30 
* 523
+1 2
cfi=(7)
cfn=(484)
calls=1 76 
* 2462
+3 2
cfi=(47)
cfn=(490)
calls=1 46 
* 586
+4 2
cfi=(81)
cfn=(492) _dl_protect_relro
calls=1 352 
* 35
+5 3
cfi=(150) ./elf/./elf/dl-call-libc-early-init.c
cfn=(494) _dl_call_libc_early_init
calls=1 27 
* 1514
+7 1
cfi=(9)
cfn=(516)
calls=1 147 
* 2
+4 2
cfi=(47)
cfn=(212)
calls=1 94 
* 7
+1 2
-1 1
+1 1
cfi=(47)
cfn=(152)
calls=1 104 
* 11
+1 1
+3 3
cfi=(51)
cfn=(518)
calls=1 41 
* 10
+4 1
cfi=(70)
cfn=(520)
calls=1 508 
* 19
+5 8
225 2
-2 2
+2 2
2280 1
+1 1
-3 2
1762 1
1289 3
1762 1
fi=(3)
56 5
+3 4
fe=(2)
1976 1
-4 1
+4 2
+14 3
fi=(36) ./elf/../sysdeps/unix/sysv/linux/dl-vdso.h
40 2
+1 5
fi=(37)
-11 1
+3 1
+3 1
+3 1
+6 1
fi=(36)
+10 2
fe=(2)
1689 1
+1 1
+1 1
+2 2
+1 3
fi=(3)
72 3
+12 3
+1 5
+1 5
+1 5
+1 4
+1 5
+1 5
+1 5
+12 2
+7 1
-7 7
+7 2
fe=(2)
1752 4
2673 2
+2 1
+1 1
-1 1
+1 1
+1 1
2016 2
cfn=(262)
calls=1 734 
* 861
* 2
fi=(3)
62 4
+2 4
fe=(2)
2636 2
+2 2
+1 1
1925 10
84 1
1824 2
84 3
1824 2
cfn=(158) handle_preload_list
calls=1 852 
* 3113
* 1
91 3
+9 3
1925 6
+1 1
-1 1
+4 3
+1 1
+1 2
+1 2
-7 2

fn=(158)
852 11
+5 3
-58 2
+54 3
-54 4
-2 1
+2 3
+71 1
182 1
872 2
182 2
874 2
-14 3
cfi=(52)
cfn=(160)
calls=1 32 
* 238
* 1
+1 3
+2 4
cfi=(29)
cfn=(80)
calls=1 210 
* 19
+1 2
-71 1
+6 4
-2 1
+2 1
-10 1
+6 1
-2 1
+6 1
cfi=(53)
cfn=(162)
calls=1 258 
* 2779
+1 3
+8 3
+67 1
-18 2
+21 9

fn=(254)
674 2
+2 1
-2 4
+2 3
cfi=(75)
cfn=(256)
calls=1 399 
* 4819
* 2
+4 3

fn=(2)
519 10
84 1
fi=(6)
-29 1
fe=(2)
549 1
-4 1
fi=(6)
55 1
fe=(2)
+29 3
548 2
fi=(3)
45 4
+23 20
-23 72
+4 36
+3 5
-1 10
+3 20
+1 16
+1 5
fi=(4)
+23 1
fi=(3)
+31 1
-38 3
+12 4
+1 3
+1 4
+1 4
+1 5
+1 3
+1 4
+1 4
+12 7
+7 2
+13 3
+6 3
+1 3
+3 2
+1 3
+5 5
+3 5
fe=(2)
565 140
fi=(3)
59 4
fe=(2)
565 12
fi=(4)
79 1
fe=(2)
565 1
fi=(4)
79 2
fe=(2)
565 27
fi=(5) ./elf/./elf/do-rel.h
49 1
+4 1
-4 1
-1 1
+1 1
+4 4
+3 2
fe=(2)
565 1
fi=(5)
49 1
+4 1
-4 1
-1 1
+1 1
+4 4
+3 2
-6 8
+11 5
+2 1
fi=(6)
273 3
fi=(5)
63 1
+2 1
-1 2
fi=(6)
282 10
+4 2
+26 4
fi=(5)
61 3
fe=(2)
565 8
fi=(5)
51 1
fi=(4)
+28 2
fe=(2)
567 1
454 1
cfi=(7)
cfn=(12)
calls=1 42 
* 10
+4 5
84 1
476 1
84 3
476 1
cfi=(8)
cfn=(14)
calls=1 25 
* 27
+1 1
+4 1
+9 1
-13 1
+19 1
-17 1
+2 1
+15 2
cfi=(9)
cfn=(16)
calls=1 102 
* 131165
* 1
+2 2
+87 9
fi=(3)
62 4
+2 4
+39 3
fe=(2)

fl=(8)
fn=(14)
25 4
+3 12
+3 12
+1 8
+2 4
-1 4
+3 12
+1 4
+1 8
+2 4
-2 4
+3 8
+4 8
-2 4
+2 8
+5 4

fl=(26)
fn=(82)
31 15
+2 3
-2 6
+2 3
cfi=(24)
cfn=(84)
calls=3 +10 
* 9
+2 19
+3 20
+2 2
+2 2
+4 2
+1 2
+3 2
-4 2
+1 2
+1 2
+3 2
-3 2
+3 4
-1 2
cfi=(24)
cfn=(84)
calls=2 -7 
* 6
-4 1
+1 1
+3 1
-4 1
+1 1
+1 1
+3 1
-3 1
+3 2
-1 1
cfi=(24)
cfn=(84)
calls=1 -7 
* 3
-5 2

fn=(70)
59 45
+3 6
+18 2
+3 4
cfi=(22)
cfn=(60)
calls=2 -26 
* 52
+4 2
-4 2
+4 2
+5 2
-9 6
fi=(28)
-39 4
cfi=(27)
cfn=(72)
calls=2 +36 
* 164
fe=(26)
+39 1
fi=(28)
-39 2
cfi=(27)
cfn=(72)
calls=1 +36 
* 35
* 3
fe=(26)
+51 6
+4 3
-1 3
+6 3
-5 3
+5 3
-5 3
+4 3
+1 3
-1 3
+1 6
cfi=(29)
cfn=(80)
calls=3 210 
* 44
* 3
+15 3
-15 3
+2 3
+13 6
+6 1
+2 7
+3 2
-3 14
+3 4
+6 3
-4 3
+4 3
+3 10
+2 12
-2 8
+2 8
-2 16
+16 6
-5 3
-1 6
+6 9
+2 4
+3 4
-3 4
+7 8
+4 6
+8 1
+13 1
-10 2
+10 5
-10 4
+10 6
+2 2
cfi=(22)
cfn=(60)
calls=2 57 
* 70
+21 2
-21 6
+17 2
-13 6
+50 6
cfi=(29)
cfn=(128)
calls=2 -48 
* 42
* 2
+5 4
+1 4
-1 80
+1 80
+4 4
+1 2
+3 2
+4 27
131 6
-8 2
-4 4
+34 1
+7 4
+8 8
fi=(28)
56 4
cfi=(27)
cfn=(76)
calls=2 -20 
* 36
* 2
fe=(26)
200 4
-1 4
64 2
+2 3
+1 6
+10 1
-6 2

fl=(148)
fn=(482)
74 39
+2 6
+2 9
+37 3
-37 9
+1 6
+2 15
+3 25
-52 3
+54 6
-54 3
+54 3
-54 9
+1 9
+2 6
+1 6
+12 9
+3 3
+2 6
-2 3
+2 9
cfi=(34)
cfn=(98)
calls=3 +45 
* 214
* 6
+4 6
+1 3
-1 3
+1 15
+1 9
cfi=(34)
cfn=(98)
calls=3 +39 
* 217
* 6
+57 27
-23 6

fl=(56)
fn=(182)
28 12
+3 6
-3 18
+3 36
+8 42
+2 6
-2 9
+2 6

fl=(58)
fn=(188)
30 3
+9 12
+33 3

fl=(150)
fn=(494)
27 1
+2 2
-2 1
+6 3
-6 3
+6 1
-6 1
+6 2
cfi=(148)
cfn=(482)
calls=1 +41 
* 220
* 1
+4 3
+2 3
+1 1
-1 1
+2 2
-1 1
cob=(2)
cfi=(151) ./elf/./elf/libc_early_init.c
cfn=(496) __libc_early_init
calls=1 -6 
* 1268

fl=(161)
fn=(534) call_init.part.0
26 48
+17 4
+3 4
-3 8
+3 8
+5 6
+8 9
+1 6
cob=(3)
cfi=(156)
cfn=(536) 0x000000000484c000
calls=1 -60 
* 7
+3 3
+1 6
+6 6
+3 4
-1 14
+2 8
cob=(2)
cfi=(167) ./libio/./libio/stdfiles.c
cfn=(556) _IO_stdfiles_init
calls=1 -10 
* 22
cob=(2)
cfi=(166) ./libio/./libio/vtables.c
cfn=(554) check_stdfiles_vtables
calls=1 545 
* 12
* 8
cob=(2)
cfi=(163) ./csu/./csu/init-first.c
cfn=(546) _init_first
calls=1 -28 
* 69
cob=(4) /usr/libexec/valgrind/vgpreload_core-amd64-linux.so
cfi=(162) ???
cfn=(540) 0x0000000000001110
calls=1 -74 
* 12
-1 12
+3 32
-29 2

fn=(532)
81 13
+1 1
+1 1
+3 3
+8 2
+25 1
+1 8
+1 8
-92 8
+6 12
+2 17
+83 6
cfn=(534)
calls=3 -94 
* 233
* 6
+7 8
-98 2
+60 2
-54 3
+2 7
cfn=(534)
calls=1 -11 
* 77
* 2

fl=(144)
fn=(522)
117 5
+5 1

fn=(462) mprotect
117 20
+5 4

fl=(65)
fn=(206)
25 3
+1 12
+1 3

fl=(45)
fn=(132)
137 8
+1 40
+5 8
+1 8
+3 3
+1 3
+2 1
+1 1
+1 1
+84 2
+1 2
+12 2
+3 2
+1 2
+12 2
+1 2
+13 2
+1 2
+2 2
+3 1
+3 2
+3 1
+1 1
+1 1
+1 1
+1 1
+1 1
+1 1
-6 35
+1 35
+1 35
+1 35
+1 35
+1 35
+1 35
+3 2
+1 2
+1 2
+1 2
+5 2
+46 5
+2 5
+1 5
+39 5
+1 5
+2 5

fl=(81)
fn=(284)
343 5
+1 12
-1 15
+3 3
cfn=(286)
calls=3 207 
* 88098
+7 9
+3 15
+3 3
-3 3
+3 3
+4 6
-15 9
+16 12
cfi=(144)
cfn=(462)
calls=3 117 
* 18
* 6

fn=(286)
207 32
+13 4
-13 16
+16 4
-16 4
+16 4
+3 12
+20 12
+1 8
-30 4
+33 4
+7 8
fi=(6)
78 4
fi=(4)
+1 4
fe=(81)
296 8
fi=(4)
79 8
fe=(81)
296 11133
fi=(4)
79 1
fe=(81)
296 1
fi=(4)
79 2
fe=(81)
296 144
190 32
296 4
fi=(5)
53 4
fe=(81)
296 4
fi=(5)
49 4
+31 4
-32 4
+1 4
+1 4
-1 4
+4 4
-3 8
+3 4
-3 8
+3 8
+27 8
fe=(81)
296 4
fi=(5)
53 4
fe=(81)
296 4
fi=(5)
49 4
+31 4
-32 4
+1 4
+1 4
-1 4
+4 4
-3 8
+3 4
-3 8
+3 8
+27 8
fe=(81)
296 32
fi=(6)
725 24
+4 6
fe=(81)
298 16
+23 4
+3 8
+14 32
fi=(5)
105 24
+9 16
fi=(6)
493 75
+5 50
+1 50
fi=(5)
114 25
fi=(6)
499 50
fi=(5)
114 50
+3 32
+3 24
+2 12
-49 9
fe=(81)
190 21
fi=(5)
-66 6
+1 3
-1 3
+5 3
-5 6
+1 9
+4 6
-5 328
+1 164
-1 164
+5 164
-5 328
+1 492
+4 328
-2 120
-1 360
+1 240
-1 120
+1 120
fi=(6)
262 240
+7 240
+4 240
fe=(81)
170 480
fi=(4)
-18 318
fe=(81)
+19 212
+3 212
+8 198
-8 885
+12 196
-3 98
+1 98
+2 394
-3 1
+1 1
+2 103
+1 99
-1 99
+2 198
-1 396
+3 594
cfi=(82)
cfn=(294)
calls=99 767 
* 56939
+4 99
-4 99
+3 99
+1 594
fi=(6)
+88 1053
+4 242
+26 720
418 24
fi=(5)
141 24
fi=(6)
418 194
fi=(5)
141 321
-19 510
+33 6
+1 63
+1 186
+3 94
+2 47
+2 47
-4 47
+2 47
+1 47
-1 94
fe=(81)
+8 188
fi=(6)
286 94
471 94
+2 47
cfi=(15)
cfn=(478)
calls=1 76 
* 6
cob=(2)
cfi=(143) ./string/../sysdeps/x86_64/multiarch/strncase.c
cfn=(458) strncasecmp
calls=1 31 
* 22
cob=(2)
cfi=(142) ./string/../sysdeps/x86_64/multiarch/mempcpy.c
cfn=(454) mempcpy
calls=1 33 
* 22
cob=(2)
cfi=(141) ./wcsmbs/../sysdeps/x86_64/multiarch/wcpncpy.c
cfn=(450) wcpncpy
calls=1 31 
* 18
cob=(2)
cfi=(140) ./string/../sysdeps/x86_64/multiarch/strspn.c
cfn=(448) strspn
calls=1 29 
* 7
cob=(2)
cfi=(138) ./string/../sysdeps/x86_64/multiarch/memchr.c
cfn=(444) memchr
calls=1 29 
* 21
cob=(2)
cfi=(137) ./string/../sysdeps/x86_64/multiarch/memmove.c
cfn=(440) memmove
calls=1 29 
* 22
cob=(2)
cfi=(136) ./string/../sysdeps/x86_64/multiarch/stpcpy.c
cfn=(436) stpcpy
calls=1 33 
* 19
cob=(2)
cfi=(135) ./debug/../sysdeps/x86_64/multiarch/memmove_chk.c
cfn=(432) __memmove_chk
calls=1 29 
* 22
cob=(2)
cfi=(133) ./wcsmbs/../sysdeps/x86_64/multiarch/wmemcmp.c
cfn=(428) wmemcmp
calls=1 29 
* 25
cob=(2)
cfi=(132) ./string/../sysdeps/x86_64/multiarch/strncpy.c
cfn=(424) strncpy
calls=1 29 
* 21
cob=(2)
cfi=(131) ./string/../sysdeps/x86_64/multiarch/strlen.c
cfn=(420) strlen
calls=1 29 
* 25
cob=(2)
cfi=(130) ./wcsmbs/../sysdeps/x86_64/multiarch/wcscat.c
cfn=(416) wcscat
calls=1 31 
* 18
cob=(2)
cfi=(129) ./string/../sysdeps/x86_64/multiarch/strcasecmp_l.c
cfn=(412) strcasecmp_l
calls=1 31 
* 22
cob=(2)
cfi=(128) ./string/../sysdeps/x86_64/multiarch/strcpy.c
cfn=(408) strcpy
calls=1 29 
* 19
cob=(2)
cfi=(126) ./wcsmbs/../sysdeps/x86_64/multiarch/wmemset.c
cfn=(404) wmemset
calls=2 31 
* 38
cob=(2)
cfi=(124) ./string/../sysdeps/x86_64/multiarch/memcmp.c
cfn=(400) bcmp
calls=1 29 
* 25
cob=(2)
cfi=(123) ./string/../sysdeps/x86_64/multiarch/strchrnul.c
cfn=(396) strchrnul
calls=1 31 
* 25
cob=(2)
cfi=(122) ./string/../sysdeps/x86_64/multiarch/strncase_l.c
cfn=(392) strncasecmp_l
calls=1 31 
* 22
cob=(2)
cfi=(120) ./string/../sysdeps/x86_64/multiarch/strcat.c
cfn=(388) strcat
calls=1 29 
* 19
cob=(2)
cfi=(119) ./wcsmbs/../sysdeps/x86_64/multiarch/wcscpy.c
cfn=(386) wcscpy
calls=1 60 
* 17
cob=(2)
cfi=(118) ./string/../sysdeps/x86_64/multiarch/strcspn.c
cfn=(384) strcspn
calls=1 29 
* 7
cob=(2)
cfi=(111) ./string/../sysdeps/x86_64/multiarch/stpncpy.c
cfn=(378) strcasecmp
calls=1 31 
* 22
cob=(2)
cfi=(115) ./string/../sysdeps/x86_64/multiarch/strncmp.c
cfn=(376) strncmp
calls=1 67 
* 22
cob=(2)
cfi=(113) ./wcsmbs/../sysdeps/x86_64/multiarch/wmemchr.c
cfn=(372) wmemchr
calls=2 31 
* 42
cob=(2)
cfi=(111)
cfn=(368) stpncpy
calls=1 31 
* 21
cob=(2)
cfi=(110) ./wcsmbs/../sysdeps/x86_64/multiarch/wcscmp.c
cfn=(364) wcscmp
calls=1 30 
* 25
cob=(2)
cfi=(109) ./string/../sysdeps/x86_64/multiarch/strrchr.c
cfn=(360) rindex
calls=1 28 
* 25
cob=(2)
cfi=(107) ./debug/../sysdeps/x86_64/multiarch/memset_chk.c
cfn=(356) __memset_chk
calls=1 29 
* 23
cob=(2)
cfi=(106) ./string/../sysdeps/x86_64/multiarch/strchr.c
cfn=(354) index
calls=1 65 
* 21
cob=(2)
cfi=(104) ./wcsmbs/../sysdeps/x86_64/multiarch/wcschr.c
cfn=(350) wcschr
calls=2 31 
* 50
cob=(2)
cfi=(102) ./string/../sysdeps/x86_64/multiarch/memcpy.c
cfn=(346) memcpy@@GLIBC_2.14
calls=1 29 
* 22
cob=(2)
cfi=(100) ./wcsmbs/../sysdeps/x86_64/multiarch/wcsncpy.c
cfn=(342) wcsncpy
calls=1 31 
* 18
cob=(2)
cfi=(99) ./string/../sysdeps/x86_64/multiarch/memrchr.c
cfn=(338) memrchr
calls=1 29 
* 25
cob=(2)
cfi=(98) ./debug/../sysdeps/x86_64/multiarch/memcpy_chk.c
cfn=(334) __memcpy_chk
calls=1 29 
* 22
cob=(2)
cfi=(96) ./debug/../sysdeps/x86_64/multiarch/mempcpy_chk.c
cfn=(330) __mempcpy_chk
calls=1 29 
* 22
cob=(2)
cfi=(95) ./wcsmbs/../sysdeps/x86_64/multiarch/wcslen.c
cfn=(326) wcslen
calls=1 29 
* 20
cob=(2)
cfi=(93) ./string/../sysdeps/x86_64/multiarch/memset.c
cfn=(322) memset
calls=1 29 
* 23
cob=(2)
cfi=(91) ./wcsmbs/../sysdeps/x86_64/multiarch/wcsnlen.c
cfn=(318) wcsnlen
calls=1 30 
* 20
cob=(2)
cfi=(90) ./string/../sysdeps/x86_64/multiarch/strcmp.c
cfn=(316) strcmp
calls=1 79 
* 20
cob=(2)
cfi=(89) ./string/../sysdeps/x86_64/multiarch/strpbrk.c
cfn=(314) strpbrk
calls=1 29 
* 7
cob=(2)
cfi=(87) ./string/../sysdeps/x86_64/multiarch/strnlen.c
cfn=(310) strnlen
calls=2 31 
* 50
cob=(2)
cfi=(85) ./string/../sysdeps/x86/cacheinfo.c
cfn=(306) __x86_cacheinfo
calls=1 86 
* 30
fi=(5)
156 47
fi=(6)
474 47
fi=(5)
156 98
-14 87
fi=(6)
395 45
+2 60
+4 15
+9 15
-9 30
+9 15
fi=(5)
141 30
fi=(6)
315 29
+3 29
fi=(5)
132 47
+1 47
-1 141
+2 47
fi=(6)
282 70
+3 8
+24 4
cob=(2)
cfi=(120)
cfn=(388)
calls=1 29 
* 19
cob=(2)
cfi=(90)
cfn=(316)
calls=1 79 
* 20
cob=(2)
cfi=(118)
cfn=(384)
calls=1 29 
* 7
cob=(2)
cfi=(131)
cfn=(420)
calls=1 29 
* 25
* 16
fi=(5)
51 4
fi=(4)
+28 8
fe=(81)
296 72
fi=(6)
-14 235
fe=(81)
175 63
+3 7
-1 7
+19 7
-18 14
fi=(6)
290 8
+1 12
fi=(5)
171 4
-98 3
fe=(81)
190 5
fi=(5)
-17 3
+3 1
-3 4
+3 2
-3 15
+3 5
-3 20
+3 10
-2 12
+10 6
fi=(6)
+78 12
+7 12
+4 12
fe=(81)
170 24
fi=(4)
-18 18
fe=(81)
+19 12
+3 12
+8 12
-8 54
+12 12
-3 6
+1 6
+2 36
+4 24
-4 6
+4 18
cfi=(82)
cfn=(294)
calls=6 767 
* 2919
+4 6
-4 6
+3 6
+1 36
fi=(6)
+88 32
+4 4
+26 36
418 6
fi=(5)
187 18
-16 18
+31 5
fe=(81)
+48 4
+7 8
-9 4
fi=(6)
+54 7
fe=(81)
175 21

fn=(492)
352 1
+1 3
+3 5
+3 1
-3 1
+3 1
+4 2
-11 1
+12 3
-12 3
+12 1
-12 1
+12 1
cfi=(144)
cfn=(462)
calls=1 117 
* 6
* 2
+6 3

fl=(16)
fn=(42) update_active.constprop.0
90 7
+4 1
+28 1
+9 1
-18 1
-10 1
-1 1
+25 1
-23 1
-1 1
-1 2
+19 1
-18 1
+24 1
+8 1
-31 1
+23 1
+3 1
-18 1
+9 1
+9 2
-18 1
+15 1
+3 2
+4 1
-13 1
+13 2
-22 1
+22 2
+5 1
-18 1
+18 1
-4 1
+4 3
+1 1
+2 1
+5 1
-7 2
+1 1
+1 1
-1 2
+5 1
+2 1
-2 4
+1 1
+1 1
-1 2
+1 1
-1 1
+3 2
+1 4
+14 2
+4 2
+1 2
-1 4
+1 2
+2 3
+91 1
-1 2
+17 4
+16 2
+5 1
-1 2
+4 4
+4 2
fi=(18)
30 1
fe=(16)
389 2
+4 3
fi=(19) ./elf/../sysdeps/unix/sysv/linux/x86/dl-hwcap2.h
25 2
fi=(18)
+6 1
-3 1
+3 2
fe=(16)
402 1
+1 7
-92 3
+1 2
+5 1
-1 1
+10 1
-6 1
+2 1
-2 1
+3 1
+3 1
fi=(18)
32 3
+7 4
+1 3
+8 1
-1 1
+1 2
+3 4
+3 2
+9 5
fe=(16)
176 4
+6 2
+14 1
+12 3
-12 1
+12 1
-12 1
+2 1
+10 1
-10 2
-2 1
+2 1
+6 2
+4 1
-4 1
+2 1
-2 1
+2 3
+7 5
-24 1
-5 2
+4 1

fn=(36)
728 1
+23 1
-23 7
+3 1
+9 1
-8 1
+1 1
+9 1
+9 2
+3 6
+6 6
cfn=(38) get_common_indices.constprop.0
calls=1 431 
* 71
409 3
+1 2
+1 6
+5 2
+1 6
+5 2
+1 8
765 1
cfn=(42)
calls=1 90 
* 202
+4 1
+42 1
-38 1
+15 1
-18 1
+41 1
-36 1
-5 1
+39 1
-39 1
+3 2
901 2
+7 2
+60 2
+7 2
+2 2
+4 2
+6 2
1156 1
758 1
1156 1
fi=(20)
1010 6
fe=(16)
755 1
1148 3
+1 2
+3 2
+1 2
+3 2
+7 1
+1 1
+1 1
+1 1
fi=(20)
861 2
964 1
+5 1
+11 1
-9 1
+4 1
+5 1
-16 1
+1 1
+15 1
-9 1
+2 1
-8 1
+1 1
+4 1
-4 1
+1 1
+5 1
-5 1
+1 1
+5 1
-5 1
+6 1
+37 2
-17 3
+8 2
+29 6
+9 2
+20 2
+13 2
-13 1
+6 1
+20 1
-20 1
+7 1
-7 1
+7 1
cfi=(11)
cfn=(28)
calls=1 435 
* 17
* 1
+3 1
+2 2
-3 1
+1 3
+2 1
-2 1
+2 1
cfi=(11)
cfn=(28)
calls=1 435 
* 17
* 1
+12 1
+68 1
-68 1
-10 1
+78 2
-72 2
+72 1
-68 1
+68 1
-68 1
cfi=(11)
cfn=(28)
calls=1 435 
* 17
* 1
+5 1
-4 1
+4 1
-4 2
+55 1
-51 1
+51 1
-51 1
cfi=(11)
cfn=(28)
calls=1 435 
* 17
* 1
+5 1
-4 1
+4 1
-4 2
+37 1
-33 1
+33 1
-33 1
cfi=(11)
cfn=(28)
calls=1 435 
* 17
* 1
+7 1
-6 1
+6 1
+42 1
-42 2
cfi=(11)
cfn=(28)
calls=1 435 
* 17
+2 1
-2 1
+42 1
-40 1
-2 1
+26 10
cfi=(11)
cfn=(58)
calls=1 162 
* 40
+6 3
+3 9
cfi=(11)
cfn=(58)
calls=1 162 
* 40
+2 10
cfi=(11)
cfn=(58)
calls=1 162 
* 40
+1 10
cfi=(11)
cfn=(58)
calls=1 162 
* 40
+1 11
cfi=(11)
cfn=(58)
calls=1 162 
* 40
+3 10
cfi=(11)
cfn=(58)
calls=1 162 
* 40
+8 1
fe=(16)
+13 2
fi=(20)
-10 1
fe=(16)
+10 1
fi=(20)
-9 1
-4 1
+1 1
+2 1
+2 1
-4 1
+1 1
+3 1
-3 1
+4 1
fe=(16)
+7 1
cfi=(11)
cfn=(28)
calls=1 435 
* 16
+3 4
cfi=(11)
cfn=(28)
calls=1 435 
* 18
+9 1
+4 1
-4 2
+55 1
-1 1
+1 1
+45 4
cfi=(11)
cfn=(28)
calls=1 435 
* 16
+2 4
cfi=(11)
cfn=(28)
calls=1 435 
* 16
+4 2
+3 4
+3 1
+35 3
-32 1
+32 1
cfi=(11)
cfn=(28)
calls=1 435 
* 18
+7 8
fi=(20)
1046 3
+3 1
+1 2
fe=(16)
1195 1
+1 1
-1 1
+1 2
+45 3
+27 2
-10 3
+1 3
+6 1
-3 2
fi=(20)
863 3
cfn=(50)
calls=1 266 
* 443
+1 1
-1 1
+1 1
cfn=(50)
calls=1 266 
* 521
+4 1
-4 1
+1 2
+3 1
cfn=(50)
calls=1 266 
* 471
+2 1
-2 1
+2 1
cfn=(50)
calls=1 266 
* 463
+3 1
-3 1
+1 2
+2 1
cfn=(50)
calls=1 266 
* 433
+2 1
-2 1
+2 1
cfn=(50)
calls=1 266 
* 435
+2 1
-2 1
+2 1
cfn=(50)
calls=1 266 
* 496
+2 1
-2 1
+2 1
cfn=(50)
calls=1 266 
* 486
+2 1
-2 1
+2 1
cfn=(50)
calls=1 266 
* 488
+1 1
+2 1
-3 1
+1 1
+2 1
cfn=(50)
calls=1 266 
* 511
+2 1
-2 1
+2 1
cfn=(50)
calls=1 266 
* 513
+2 1
-2 1
+2 1
cfn=(50)
calls=1 266 
* 514
+2 4
-2 1
+2 2
cfn=(56)
calls=1 624 
* 206
1001 1
-6 3
+6 1
-6 2
+6 2
-6 2
+6 3
-1 2
fe=(16)
775 3
565 4
781 5
+37 2
+3 2
926 1
+1 2

fn=(38)
431 3
+4 4
+3 3
+5 2
-5 1
+5 1
-5 1
+4 1
+1 1
+1 4
+1 4
+1 3
+1 2
+7 2
+2 4
+5 1
-5 1
+5 1
-5 2
+5 1
+7 1
-7 4
+7 1
+1 3
+6 1
-6 4
+6 1
fi=(17) ./elf/../sysdeps/unix/sysv/linux/x86/dl-minsigstacksize.h
24 2
+3 2
+1 2
+37 3
+9 2
fe=(16)
490 3

fl=(14)
fn=(30)
36 1
fi=(217) ./elf/../sysdeps/unix/sysv/linux/brk_call.h
-12 2
fe=(14)
+13 1
+1 2
+6 1
+1 1

ob=(4)
fl=(162)
fn=(540)
0 12

ob=(3)
fl=(156)
fn=(506) 0x000000000487e710
0 28
cob=(1)
cfi=(11)
cfn=(28)
calls=14 435 
0 242

fn=(604) 0x000000000487e3e0
0 6
cob=(2)
cfi=(159) ./malloc/./malloc/malloc.c
cfn=(606) malloc
calls=3 3283 
0 663

fn=(744) 0x000000000487e580
0 500
cob=(2)
cfi=(187) ./string/../sysdeps/x86_64/multiarch/strchr-avx2.S
cfn=(746) __strchrnul_avx2
calls=250 53 
0 4750

fn=(756) 0x000000000487e4f0
0 4
cob=(2)
cfi=(202) ./string/../sysdeps/x86_64/multiarch/strlen-avx2.S
cfn=(716) __strlen_avx2
calls=2 52 
0 48

fn=(550) 0x000000000487e650
0 2
cob=(2)
cfi=(165) ./string/../sysdeps/x86_64/multiarch/strrchr-avx2.S
cfn=(552) __strrchr_avx2
calls=1 53 
0 22

fn=(682) 0x000000000487e6a0
0 300
cob=(2)
cfi=(194) ./string/../sysdeps/x86_64/multiarch/memmove-vec-unaligned-erms.S
cfn=(684) __memcpy_avx_unaligned_erms
calls=150 255 
0 2381

fn=(600)
0 2
cob=(2)
cfi=(177) ./libio/./libio/iofopen.c
cfn=(602) fopen@@GLIBC_2.2.5
calls=1 85 
0 805

fn=(714)
0 200
cob=(2)
cfi=(202)
cfn=(716)
calls=100 52 
0 2424

fn=(536)
0 7

fn=(568) 0x0000000004001000
0 7

fn=(782) 0x000000000487e420
0 318
cob=(2)
cfi=(194)
cfn=(784) __mempcpy_avx_unaligned_erms
calls=159 242 
0 2823

fn=(644) 0x000000000487e670
0 2
cob=(2)
cfi=(187)
cfn=(646) __strchr_avx2
calls=1 53 
0 21

fn=(578) 0x000000000487e790
0 2
cob=(1)
cfi=(51)
cfn=(580)
calls=1 118 
0 5

fn=(678) 0x000000000487e470
0 4
cob=(2)
cfi=(193) ./string/../sysdeps/x86_64/multiarch/memchr-avx2.S
cfn=(680) __memchr_avx2
calls=2 61 
0 72

fn=(688)
0 4
cob=(2)
cfi=(196) ./string/../sysdeps/x86_64/multiarch/strcspn-sse4.c
cfn=(690) __strcspn_sse42
calls=2 87 
0 135

fn=(706) 0x000000000487e460
0 20
cob=(2)
cfi=(201) ./string/../sysdeps/x86_64/multiarch/strspn-sse4.c
cfn=(708) __strspn_sse42
calls=10 63 
0 346

fn=(700)
0 24
cob=(2)
cfi=(199) ./string/./string/strtok.c
cfn=(702) strtok
calls=12 32 
0 1245

fn=(710) 0x000000000487e5d0
0 20
cob=(2)
cfi=(196)
cfn=(690)
calls=10 87 
0 409

fn=(732)
0 320
cob=(2)
cfi=(203) ./debug/./debug/printf_chk.c
cfn=(734) __printf_chk
calls=160 25 
0 81875

fn=(594)
0 6
cob=(2)
cfi=(175) ./stdlib/../stdlib/strtol.c
cfn=(596) strtol
calls=3 116 
0 316

fn=(648)
0 4
cob=(2)
cfi=(188) ./libio/./libio/iofgets.c
cfn=(650) fgets
calls=2 32 
0 817

ob=(2)
fl=(179) ./misc/./misc/sbrk.c
fn=(614) sbrk
37 10
+6 4
+35 3
-38 4
+18 4
+4 4
+4 1
+1 1
-1 3
+8 1
cfi=(180) ./misc/../sysdeps/unix/sysv/linux/brk.c
cfn=(616) brk
calls=1 -38 
* 9
* 3
+4 4
-19 2
cfi=(180)
cfn=(616)
calls=1 -23 
* 9
* 2
+4 4

fl=(131)
fn=(420)
29 2
fi=(88) ./string/../sysdeps/x86_64/multiarch/ifunc-avx2.h
+9 6
+2 8
+1 4
+1 6
+4 8
+3 6
+3 10
fe=(131)

fl=(160) ???
fn=(514) __popcountdi2
0 21

fl=(184) ./io/../sysdeps/unix/sysv/linux/open64.c
fn=(638) open
30 9
+3 7
+8 8
cfi=(185) ./nptl/./nptl/cancellation.c
cfn=(640) __syscall_cancel
calls=1 +33 
* 17
+2 5

fl=(158) ./malloc/./malloc/arena.c
fn=(510) __ptmalloc_init
251 2
fi=(218) ./malloc/../sysdeps/unix/sysv/linux/not-cancel.h
96 3
fe=(158)
251 4
fi=(218)
96 4
fi=(159)
2960 2
+14 1
+2 2
-1 1
cfi=(160)
cfn=(514)
calls=1 0 
* 21
+1 3
fe=(158)
275 2
+13 4
fi=(159)
1853 4
+3 1
-3 1
+3 2
-3 2
+3 126
-3 126
+3 252
-3 252
+11 1
fe=(158)
292 3
fi=(159)
1864 1
fe=(158)
292 1
cob=(3)
cfi=(156)
cfn=(506)
calls=1 0 
* 19
+1 4
cob=(3)
cfi=(156)
cfn=(506)
calls=1 0 
* 20
+1 4
cob=(3)
cfi=(156)
cfn=(506)
calls=1 0 
* 19
+1 4
cob=(3)
cfi=(156)
cfn=(506)
calls=1 0 
* 19
+1 4
cob=(3)
cfi=(156)
cfn=(506)
calls=1 0 
* 20
+1 4
cob=(3)
cfi=(156)
cfn=(506)
calls=1 0 
* 19
+1 4
cob=(3)
cfi=(156)
cfn=(506)
calls=1 0 
* 19
+2 4
cob=(3)
cfi=(156)
cfn=(506)
calls=1 0 
* 19
+1 4
cob=(3)
cfi=(156)
cfn=(506)
calls=1 0 
* 19
+1 4
cob=(3)
cfi=(156)
cfn=(506)
calls=1 0 
* 19
+3 4
cob=(3)
cfi=(156)
cfn=(506)
calls=1 0 
* 19
+2 4
+10 8
fi=(159)
2974 2
fe=(158)

fl=(194)
fn=(784)
242 159
+1 159
+1 159
+1 159
+17 159
+1 159
+2 1
+1 1
+1 1
+38 158
+1 158
+2 152
+1 152
+2 147
+4 147
+1 147
+1 147
+1 147
+1 147
+4 147
+2 147
+17 6
+1 6
+1 6
+1 6
+2 6
+17 5
+1 5
+1 5
+1 5
+1 5
+7 1
+1 1
+1 1
+1 1
+1 1
+1 1
+1 2
+5 1
+1 1
+5 1
+1 1
+2 1
+1 1
+1 1

fn=(684)
255 150
+1 150
+6 150
+1 150
+2 4
+1 4
+1 4
+3 3
+1 3
+1 3
+3 6
+30 146
+1 146
+2 146
+1 146
+2 133
+4 133
+1 127
+1 127
+1 127
+1 127
+1 16
+1 16
+2 16
+2 16
-2 111
+2 111
+6 6
+1 6
+1 6
+1 6
+1 6
+29 13
+1 13
+1 13
+1 13
+1 13
+7 1
+1 1
+1 1
+1 1
+1 1
+1 1
+1 2
+5 1
+1 1
+5 1
+1 1
+2 1
+1 1
+1 1

fl=(170) ./stdlib/./stdlib/cxa_atexit.c
fn=(564) __cxa_atexit
67 7
-26 2
+2 8
+1 2
cfn=(566) __new_exitfn
calls=1 +36 
* 30
+2 2
+6 1
+5 1
-3 1
+1 1
-3 1
+4 1
-4 1
+1 1
+4 4
+1 1
+11 6

fn=(566)
80 1
+6 2
-6 4
+11 1
-10 1
+10 4
+2 4
-2 1
+10 1
-10 3
+45 1
+5 1
-4 1
+4 2
-18 1
-1 1
+12 1

fl=(118)
fn=(384)
29 2
fi=(219) ./string/../sysdeps/x86_64/multiarch/ifunc-sse4_2.h
+7 10
fe=(118)
-7 2

fl=(208) ./stdio-common/./stdio-common/_fitoa_word.c
fn=(752) _itoa_word
24 24
+1 24
-1 24
+1 72
+4 48
+9 24
-9 72
+9 715
+9 48

fl=(174) ./setjmp/./setjmp/sigjmp.c
fn=(588) __sigjmp_save
28 1
+2 2
-1 1
+5 2

fl=(85)
fn=(306)
86 1
fi=(86) ./string/../sysdeps/x86/cacheinfo.h
-24 1
+3 3
+2 1
+1 1
-1 2
+7 3
+2 1
+1 1
-1 2
+5 2
+3 2
+2 2
+1 2
+1 2
+2 2
fe=(85)
-4 2

fl=(202)
fn=(716)
52 102
+13 102
+1 102
+1 102
+3 102
+2 102
+1 102
+3 102
+1 102
+8 102
+1 102
+32 45
+13 45
+1 45
+1 45
+6 90
+4 57
+13 57
+1 57
+1 57
+6 114
+57 102
+15 102
+6 102
+1 102
+1 102
+2 57
+1 57
+1 57
+1 57

fl=(135)
fn=(432)
29 1
fi=(97) ./debug/../sysdeps/x86_64/multiarch/ifunc-memmove.h
+27 3
+1 2
+3 3
+14 2
+3 2
+8 2
+8 2
+3 5
fe=(135)

fl=(98)
fn=(334)
29 1
fi=(97)
+27 3
+1 2
+3 3
+14 2
+3 2
+8 2
+8 2
+3 5
fe=(98)

fl=(126)
fn=(404)
31 2
fi=(127) ./wcsmbs/../sysdeps/x86_64/multiarch/ifunc-wmemset.h
+5 10
+1 6
+3 4
+8 6
+3 8
fe=(126)
-20 2

fl=(143)
fn=(458)
31 1
fi=(116) ./string/../sysdeps/x86_64/multiarch/ifunc-strcasecmp.h
+5 1
+1 4
fe=(143)
-6 2
fi=(116)
+7 3
+4 4
+3 3
+3 4
fe=(143)

fl=(152) ./ctype/./ctype/ctype-info.c
fn=(498) __ctype_init
37 1
+2 7
+2 4
+2 1
-1 1
+1 1
-1 1
+2 1

fl=(171) ./csu/../sysdeps/nptl/libc_start_call_main.h
fn=(582) (below main)
30 6
+15 4
cfi=(172) ./setjmp/../sysdeps/x86_64/bsd-_setjmp.S
cfn=(584) _setjmp
calls=1 -17 
* 31
* 1
+2 2
+5 2
+1 2
+3 2
+3 5
cob=(5)
cfi=(168)
cfn=(590)
calls=1 -59 
* 9762880283

fl=(187)
fn=(746)
53 250
+2 250
+1 250
+1 250
+1 250
+1 250
+3 250
+1 250
+4 250
+1 250
+1 250
+1 250
+1 250
+1 250
+1 250
+1 250
+13 250
+2 500

fn=(646)
53 1
+2 1
+1 1
+1 1
+1 1
+1 1
+3 1
+1 1
+4 1
+1 1
+1 1
+1 1
+1 1
+1 1
+1 1
+1 1
+3 1
+8 1
+8 1
+1 2

fl=(182) ./libio/./libio/fileops.c
fn=(674) _IO_file_read
1191 1
+3 1
-1 1
+1 2
cfi=(192) ./io/../sysdeps/unix/sysv/linux/read.c
cfn=(676) read
calls=1 25 
* 29

fn=(626) _IO_new_file_init_internal
107 6
+5 1
-1 1
+3 1
cfi=(181) ./libio/./libio/genops.c
cfn=(628) _IO_link_in
calls=1 -5 
* 101
+1 1
+1 3

fn=(660) _IO_file_underflow@@GLIBC_2.2.5
496 1
+4 3
+3 2
+6 3
-13 7
+16 2
+21 1
+7 2
cfi=(181)
cfn=(672) _IO_switch_to_get_mode
calls=1 190 
* 22
+11 1
-5 1
fi=(195) ./libio/./libio/libioP.h
1037 1
fe=(182)
546 1
fi=(195)
1037 1
fe=(182)
546 1
+1 1
+2 1
-1 2
fi=(195)
1038 2
fe=(182)
551 4
cfn=(674)
calls=1 1191 
* 34
+2 2
+16 1
-9 1
+9 2
+2 2
+1 6
-57 3
+5 2
cfi=(181)
cfn=(662) _IO_doallocbuf
calls=1 369 
* 241
+4 4

fn=(666) _IO_file_stat
1207 2
+1 4
cfi=(191) ./io/../sysdeps/unix/sysv/linux/fstat64.c
cfn=(668) fstat
calls=2 30 
* 12

fn=(772) _IO_file_write@@GLIBC_2.2.5
1234 256
+2 128
-1 64
+6 32
cfi=(211) ./io/../sysdeps/unix/sysv/linux/write.c
cfn=(774) write
calls=32 25 
* 928
+1 64
+6 32
-1 32
+2 32
-13 64
+4 96
+1 64
+11 96
+3 192
-4 96

fn=(634) _IO_file_fopen@@GLIBC_2.2.5
247 12
+9 2
+2 5
+23 6
391 12
-76 5
cfn=(636) _IO_file_open
calls=1 -99 
* 97
* 1
+3 2
+3 3
cfi=(186) ./string/../string/strstr.c
cfn=(642) __GI_strstr
calls=1 77 
* 59
+1 2
-60 1
-1 1
-13 2
+33 6

fn=(636)
216 11
+2 1
+1 2
-1 1
+4 1
cfi=(184)
cfn=(638)
calls=1 30 
* 46
* 1
+1 2
+3 2
+3 1
-4 1
+1 3
+3 1
-3 1
+3 1
+10 2
cfi=(181)
cfn=(628)
calls=1 109 
* 14
+2 1
-1 1
+1 4

fn=(768) _IO_do_write@@GLIBC_2.2.5
458 33
+2 99
+1 1
-3 64
fi=(195)
1037 32
fe=(182)
458 192
+10 64
+7 128
+8 32
fi=(195)
1037 64
+1 64
fe=(182)
483 160
cfn=(772)
calls=32 1234 
* 2176
+1 32
-1 32
+1 96
+2 32
+4 64
-3 64
-1 64
+4 64
-30 64
+28 32
-28 64
+1 160
+28 64

fn=(762) _IO_file_xsputn@@GLIBC_2.2.5
1259 960
+7 160
-7 320
+6 480
+7 160
+2 160
-2 640
+17 3
+1 128
+5 128
+2 256
-2 128
+2 256
cob=(3)
cfi=(156)
cfn=(782)
calls=128 0 
* 2560
-2 31
+2 62
-2 31
+2 62
cob=(3)
cfi=(156)
cfn=(782)
calls=31 0 
* 581
+1 159
+1 318
-2 159
+1 159
+1 159
+2 318
+28 903
-68 1
+44 1
fi=(195)
1037 3
+1 2
fe=(182)
1305 31
fi=(195)
1037 93
+1 94
fe=(182)
1305 96
cfn=(766) _IO_file_overflow@@GLIBC_2.2.5
calls=32 766 
* 4787
* 96
+6 64
+1 128
+2 32
-2 32
+2 64
+11 64
+1 5
cfi=(181)
cfn=(770) _IO_default_xsputn
calls=1 397 
* 3069
+2 3
-54 159
+4 159
-4 159
+1 318
+5 477
-2 702
+51 31
480 31
1329 186
-47 31
+11 93
478 62

fn=(766)
766 89
+1 267
-1 445
+8 443
+37 88
-2 176
+3 114
+3 171
+1 171
+1 228
+4 57
+1 171
-45 2
+12 2
+9 3
+5 1
-1 1
+4 1
-3 2
+2 2
-5 1
+1 1
+4 1
+1 2
-7 1
+10 2
+13 32
-11 32
+11 32
-12 32
cfn=(768)
calls=32 458 
* 3818
+9 3
-1 1
cfn=(768)
calls=1 458 
* 123
* 2
-12 2
+1 2
-28 2
cfi=(181)
cfn=(662)
calls=1 369 
* 266
+1 2
+9 1
-9 5

fl=(188)
fn=(650)
32 2
+5 4
+2 4
-7 16
+15 16
+4 2
+1 2
+1 4
-1 2
+1 8
-2 2
+2 2
cfi=(189) ./libio/./libio/iogetline.c
cfn=(652) _IO_getline
calls=2 -20 
* 681
* 2
+3 2
+1 2
-1 4
fi=(195)
992 18
fe=(188)
66 12
-10 4
+4 2
+3 2
-2 2
+2 4
fi=(195)
991 6
fe=(188)
47 6
+4 2
-4 4

fl=(190) ./libio/./libio/filedoalloc.c
fn=(664) _IO_file_doallocate
68 12
+6 2
-6 6
+6 6
fi=(195)
1037 6
+1 4
fe=(190)
74 6
cfi=(182)
cfn=(666)
calls=2 1207 
* 18
* 4
+2 8
+11 4
+4 4
cob=(3)
cfi=(156)
cfn=(604)
calls=2 -91 
* 295
+1 4
+2 10
cfi=(181)
cfn=(670) _IO_setb
calls=2 355 
* 38
+1 2
+1 16
-15 1
fi=(220) ./libio/../include/sys/sysmacros.h
-34 6
fe=(190)
+34 1
-2 2
+8 1
-3 1
+3 4

fl=(211)
fn=(774)
25 64
+1 128
-1 32
+1 96
cfi=(185)
cfn=(640)
calls=32 +48 
* 544
+1 64

fl=(87)
fn=(310)
31 2
fi=(88)
+7 6
+2 8
+1 4
+1 6
+4 8
+3 6
+3 10
fe=(87)

fl=(120)
fn=(388)
29 2
fi=(121) ./string/../sysdeps/x86_64/multiarch/ifunc-strcpy.h
+9 4
+1 2
-1 4
+1 4
+4 8
+3 6
+3 6
fe=(120)
-20 2

fl=(99)
fn=(338)
29 1
fi=(88)
+9 3
+2 4
+1 2
+1 3
+4 4
+3 3
+3 5
fe=(99)

fl=(128)
fn=(408)
29 1
fi=(121)
+9 2
+1 1
-1 2
+1 2
+4 4
+3 3
+3 3
fe=(128)
-20 1

fl=(176) ./stdlib/../stdlib/strtol_l.c
fn=(598) ____strtol_l_internal
238 9
+19 3
-19 21
+54 3
-54 3
+26 6
+31 18
546 24
304 6
-3 3
+3 18
+2 6
+5 6
-1 3
+6 6
+4 6
+15 4
+10 8
-87 4
395 2
+56 10
+26 2
+1 2
-84 2
-1 2
+96 4
-12 1
+1 1
-84 1
-1 1
+96 2
-5 6
+5 3
+1 9
-41 6
+2 6
+2 9
+28 9
+3 6
+11 6
+5 9
+6 6
+3 12
-2 6
342 4
-20 2
+5 2
+15 2
+3 4
-87 1
395 1
-50 2

fl=(122)
fn=(392)
31 1
fi=(116)
+5 1
+1 4
fe=(122)
-6 2
fi=(116)
+7 3
+4 4
+3 3
+3 4
fe=(122)

fl=(165)
fn=(552)
53 1
+1 1
+1 1
+2 1
+1 1
+4 1
+1 1
+1 1
+3 1
+2 1
+1 1
+1 1
+1 1
+3 1
+1 1
+2 1
+1 1
+1 1
+1 1
+1 1
+9 2

fl=(129)
fn=(412)
31 1
fi=(116)
+5 1
+1 4
fe=(129)
-6 2
fi=(116)
+7 3
+4 4
+3 3
+3 4
fe=(129)

fl=(136)
fn=(436)
33 1
fi=(121)
+5 2
+1 1
-1 2
+1 2
+4 4
+3 3
+3 3
fe=(136)
-16 1

fl=(153) ./resource/../sysdeps/unix/sysv/linux/getrlimit64.c
fn=(500) getrlimit
38 2
+1 7
+1 1

fl=(141)
fn=(450)
31 1
fi=(101) ./wcsmbs/../sysdeps/x86_64/multiarch/ifunc-wcs.h
+8 2
+1 4
+1 3
+4 2
+3 4
fe=(141)
-17 2

fl=(151)
fn=(496)
34 8
+2 1
cfi=(152)
cfn=(498)
calls=1 +1 
* 17
+3 1
fi=(154) ./elf/../sysdeps/nptl/pthread_early_init.h
-6 2
fe=(151)
+6 1
+3 2
fi=(154)
-9 1
cfi=(153)
cfn=(500)
calls=1 +5 
* 10
* 3
+1 1
+4 5
+7 1
fi=(221) ./elf/../nptl/nptl-stack.h
+16 3
fi=(154)
-16 1
fi=(221)
+16 2
fi=(154)
-7 1
fi=(221)
+7 2
fi=(154)
-9 1
-6 1
+2 2
+4 4
+1 1
+3 1
cfi=(155) ./nptl/./nptl/pthread_mutex_conf.c
cfn=(504) __pthread_tunables_init
calls=1 -1 
* 84
fe=(151)
-9 2
cfi=(157) ./stdlib/../sysdeps/unix/sysv/linux/getrandom.c
cfn=(508) __getrandom_early_init
calls=1 238 
* 18
+3 3
+1 2
-1 1
cfi=(158)
cfn=(510)
calls=1 251 
* 1086

fl=(137)
fn=(440)
29 1
fi=(103) ./string/../sysdeps/x86_64/multiarch/ifunc-memmove.h
+27 3
+1 2
+3 3
+14 2
+3 2
+8 2
+8 2
+3 5
fe=(137)

fl=(172)
fn=(584)
28 1
+2 1
+2 1
cfi=(173) ./setjmp/../sysdeps/x86_64/setjmp.S
cfn=(586) __sigsetjmp
calls=1 -1 
* 28

fl=(107)
fn=(356)
29 1
fi=(108) ./debug/../sysdeps/x86_64/multiarch/ifunc-memset.h
+32 5
+3 3
+16 2
+4 4
+8 2
fe=(107)
-63 1
fi=(108)
+71 2
-48 1
+1 2
fe=(107)

fl=(123)
fn=(396)
31 1
fi=(88)
+7 3
+2 4
+1 2
+1 3
+4 4
+3 3
+3 5
fe=(123)

fl=(175)
fn=(596)
116 3
+1 15
cfi=(176)
cfn=(598)
calls=3 238 
* 298

fl=(106)
fn=(354)
65 1
-23 2
+2 1
-1 4
+1 2
+4 4
+3 3
+3 3
+11 1

fl=(166)
fn=(554)
545 1
+1 4
+1 3
+1 3
+2 1

fl=(185)
fn=(640)
74 170
-37 68
+1 68
+2 102
+39 68
+1 102

fl=(177)
fn=(602)
85 7
-20 1
+20 2
-20 1
cob=(3)
cfi=(156)
cfn=(604)
calls=1 -65 
* 374
+2 3
+3 1
+2 2
-2 1
+2 5
cfi=(181)
cfn=(622) _IO_no_init
calls=1 589 
* 58
+1 1
+1 1
-1 1
+1 1
cfi=(182)
cfn=(626)
calls=1 +33 
* 114
+1 5
cfi=(182)
cfn=(634)
calls=1 247 
* 216
* 2
-38 2
+50 7

fl=(200) ./string/./string/strtok_r.c
fn=(704) strtok_r
43 108
+3 24
+3 24
+7 30
cob=(3)
cfi=(156)
cfn=(706)
calls=10 -56 
* 366
* 10
+1 20
+7 30
cob=(3)
cfi=(156)
cfn=(710)
calls=10 -64 
* 429
* 10
+1 20
+7 9
+1 9
-14 9
+16 63
-16 3
+16 21
-23 4
-5 20

fl=(204) ./stdio-common/./stdio-common/vfprintf-internal.c
fn=(736) __vfprintf_internal
1526 1920
+3 160
-3 480
+3 321
+4 800
+11 320
+27 1760
-42 318
+18 480
cfi=(205) ./stdio-common/./stdio-common/printf_buffer_to_file.c
cfn=(738) __printf_buffer_to_file_init
calls=160 108 
* 3520
+1 800
cfn=(742) __printf_buffer
calls=160 601 
* 34002
+1 320
cfi=(205)
cfn=(758) __printf_buffer_to_file_done
calls=160 117 
* 31394
* 160

fn=(742)
601 1600
fi=(222) ./stdio-common/./stdio-common/printf-parse.h
82 160
fe=(204)
601 320
fi=(222)
82 160
fe=(204)
601 320
+27 480
+9 160
-9 160
+9 160
-9 160
+9 320
fi=(222)
82 160
cob=(3)
cfi=(156)
cfn=(744)
calls=160 -82 
* 3360
fe=(204)
653 160
-1 160
+1 160
fi=(222)
82 320
fe=(204)
653 160
-1 160
cfi=(206) ./stdio-common/./stdio-common/Xprintf_buffer_write.c
cfn=(748) __printf_buffer_write
calls=160 27 
* 6553
+2 480
+4 320
+4 539
-32 77
+11 77
-8 77
+29 154
+42 360
1043 1760
704 180
-7 90
-8 90
+15 180
-12 90
-1 90
+13 90
-6 90
+6 90
-14 90
+14 90
-10 90
+10 90
-11 90
-7 90
-1 90
+19 90
-20 90
-1 90
+21 90
-22 180
1023 90
fi=(222)
82 90
fe=(204)
1017 90
fi=(222)
82 180
cob=(3)
cfi=(156)
cfn=(744)
calls=90 -82 
* 1890
fe=(204)
1027 180
+1 90
fi=(222)
82 90
fe=(204)
1028 90
-1 90
cfi=(206)
cfn=(748)
calls=90 27 
* 2698
+3 219
fi=(207) ./stdio-common/./stdio-common/vfprintf-process-arg.c
499 2
-88 18
+5 4
+14 8
+8 4
+25 6
+8 8
cfi=(206)
cfn=(748)
calls=2 27 
* 104
+1 66
-86 128
+2 128
fi=(209) ./stdio-common/../include/printf_buffer.h
163 384
fi=(207)
396 512
-1 64
fi=(209)
148 192
+1 192
+14 128
fe=(204)
783 22
fi=(207)
126 22
+1 66
-34 11
+34 11
-35 11
+2 11
+42 48
+19 264
cfi=(208)
cfn=(752)
calls=24 24 
* 1051
+9 24
-3 24
-6 24
+6 24
+3 24
+6 48
-9 24
+3 24
-3 24
+2 24
+7 24
-9 72
+36 66
fe=(204)
877 11
-7 121
-1 11
+1 66
fi=(207)
155 24
+15 24
-32 24
+32 24
-15 24
+15 48
fi=(209)
-7 4
fi=(207)
+70 6
+3 48
+1 13
fe=(204)
783 26
fi=(207)
48 26
fi=(209)
149 11
fi=(207)
-83 11
+1 11
197 6
-10 48
-1 48
+1 88
+53 96
cfi=(206)
cfn=(748)
calls=24 27 
* 1344
* 24
-45 48
-21 24
+21 24
-34 24
+34 48
+4 66
+2 66
+7 132
+22 22
-19 44
fi=(209)
-48 88
fi=(207)
+36 4
+9 2
-9 4
+9 6
+3 4
50 26
+2 26
+1 104
-18 13
+22 13
+1 13
-1 13
+1 26
-1 13
+3 13
443 4
cob=(3)
cfi=(156)
cfn=(756)
calls=2 0 
* 52
* 4
fi=(209)
163 4
fe=(204)

fl=(100)
fn=(342)
31 1
fi=(101)
+8 2
+1 4
+1 3
+4 2
+3 4
fe=(100)
-17 2

fl=(155)
fn=(504)
55 2
+1 1
-1 2
+1 1
-1 1
+1 4
cob=(3)
cfi=(156)
cfn=(506)
calls=1 -56 
* 20
+2 4
cob=(3)
cfi=(156)
cfn=(506)
calls=1 -58 
* 19
+2 4
cob=(3)
cfi=(156)
cfn=(506)
calls=1 -60 
* 20
+2 6

fl=(191)
fn=(668)
30 2
+9 8
+33 2

fl=(91)
fn=(318)
30 1
fi=(92) ./wcsmbs/../sysdeps/x86_64/multiarch/ifunc-wcslen.h
+10 1
+1 4
+1 3
+4 4
+3 3
+3 3
fe=(91)
-22 1

fl=(199)
fn=(702)
32 12
+2 24
cfi=(200)
cfn=(704)
calls=12 +9 
* 1209

fl=(111)
fn=(378)
31 1
fi=(116)
+5 1
+1 4
fi=(117) ./string/../sysdeps/x86_64/multiarch/strcasecmp.c
-6 2
fi=(116)
+7 3
+4 4
+3 3
+3 4
fe=(111)

fn=(368)
31 1
fi=(112) ./string/../sysdeps/x86_64/multiarch/ifunc-strncpy.h
+4 5
+1 3
+4 4
+3 3
+3 5
fe=(111)

fl=(183) ./nptl/./nptl/libc-cleanup.c
fn=(630) __libc_cleanup_push_defer
24 1
+1 1
+2 2
+2 2
+3 2
+14 3
+2 1
+1 1

fn=(632) __libc_cleanup_pop_restore
54 1
+1 1
+2 2
+2 2
+1 3
+11 1

fl=(90)
fn=(316)
79 2
-32 2
+1 2
+1 2
-1 6
+1 4
+4 8
+3 6
+3 6
+20 2

fl=(104)
fn=(350)
31 2
fi=(105) ./wcsmbs/../sysdeps/x86_64/multiarch/ifunc-avx2.h
+7 6
+2 8
+1 4
+1 6
+4 8
+3 6
+3 10
fe=(104)

fl=(113)
fn=(372)
31 2
fi=(114) ./wcsmbs/../sysdeps/x86_64/multiarch/ifunc-evex.h
+6 6
+1 8
+1 6
+4 4
+8 6
+3 8
fe=(113)
-23 2

fl=(169)
fn=(562)
242 13
+69 2
+1 4
cfi=(170)
cfn=(564)
calls=1 67 
* 70
+25 6
+6 2
-3 2
+10 2
cob=(3)
cfi=(156)
cfn=(578)
calls=1 0 
* 7
+2 2
+8 4
cfi=(171)
cfn=(582)
calls=1 30 
* 9762880338
128 2
+6 3
+1 6
cob=(3)
cfi=(156)
cfn=(568)
calls=1 0 
* 7
* 1
+3 1
+1 2
+3 3
+2 2
-1 7
+2 4
cob=(5)
cfi=(168)
cfn=(572)
calls=1 0 
* 12
-1 4

fl=(142)
fn=(454)
33 1
fi=(103)
+23 3
+1 2
+3 3
+14 2
+3 2
+8 2
+8 2
+3 5
fe=(142)

fl=(95)
fn=(326)
29 1
fi=(92)
+11 1
+1 4
+1 3
+4 4
+3 3
+3 3
fe=(95)
-23 1

fl=(110)
fn=(364)
30 1
fi=(105)
+8 3
+2 4
+1 2
+1 3
+4 4
+3 3
+3 5
fe=(110)

fl=(140)
fn=(448)
29 1
fi=(219)
+7 5
fe=(140)
-7 1

fl=(157)
fn=(508)
238 7
+3 6
+37 5

fl=(181)
fn=(672)
190 4
+1 3
+3 3
+4 2
+1 2
+7 1
-4 1
+4 1
-2 2
+3 1
+1 2

fn=(624) _IO_old_init
557 1
+3 2
+5 2
-7 1
+12 1
-10 1
-2 1
+2 1
+16 1
-11 1
-5 1
+16 2
+5 1
-16 5
+16 2
+1 2
+2 1

fn=(658) _IO_default_uflow
387 2
fi=(195)
1037 1
fe=(181)
387 4
+1 1
fi=(195)
1037 2
+1 2
fe=(181)
388 2
cfi=(182)
cfn=(660)
calls=1 496 
* 357
+1 2
+2 4
+1 3

fn=(656) __uflow
325 1
+1 3
-1 5
+6 3
+3 1
199 1
334 2
+2 2
+6 2
+7 1
fi=(195)
1037 3
+1 2
fe=(181)
349 2
+1 2
-1 1
cfn=(658)
calls=1 +38 
* 380
-23 2
+21 2

fn=(662)
369 2
+1 4
+2 8
-3 2
fi=(195)
1037 2
fe=(181)
369 4
+4 2
fi=(195)
1037 4
+1 4
fe=(181)
373 6
cfi=(190)
cfn=(664)
calls=2 68 
* 461
* 4
+3 4

fn=(770)
397 11
+3 4
fi=(195)
1037 3
fe=(181)
425 173
fi=(195)
1037 114
+1 114
fe=(181)
425 171
cfi=(182)
cfn=(766)
calls=57 766 
* 2010
* 171
+2 57
-22 232
-4 1
+29 8

fn=(628)
109 8
+1 10
+24 10
-22 1
+2 1
-2 2
+2 6
cfi=(183)
cfn=(630)
calls=1 -90 
* 13
+1 9
+4 1
+3 2
-3 1
+4 2
+1 2
+2 1
+2 10
+1 1
+1 1
-2 1
+2 5
+1 2
cfi=(183)
cfn=(632)
calls=1 -77 
* 10
+3 1
-19 2
+1 1
+1 9
+11 2
-11 1

fn=(622)
589 11
+1 1
cfn=(624)
calls=1 -33 
* 26
+1 1
+1 2
+2 1
+4 1
+7 1
+2 1
-9 5
+15 1
+1 1
+1 6

fn=(670)
355 10
+1 8
+3 2
+2 8
-3 2
+3 4
+3 4

fl=(196)
fn=(690)
87 12
+1 24
+8 36
fi=(197) /usr/lib/gcc/x86_64-linux-gnu/15/include/emmintrin.h
707 2
1342 6
1462 2
fe=(196)
122 4
+10 6
+4 8
+3 8
-3 8
fi=(197)
707 8
fi=(223) /usr/lib/gcc/x86_64-linux-gnu/15/include/tmmintrin.h
138 16
fi=(198) /usr/lib/gcc/x86_64-linux-gnu/15/include/smmintrin.h
687 8
fe=(196)
144 8
+4 3
fi=(198)
634 3
fe=(196)
150 3
-2 9
fi=(198)
634 6
+53 6
fe=(196)
160 6
fi=(198)
711 16
-77 12
fe=(196)
166 12
fi=(198)
687 24
+24 12
-24 12
+24 12
fe=(196)
160 24
+2 24
-63 10
fi=(197)
1342 10
fe=(196)
99 10
fi=(197)
1342 20
1462 10
fe=(196)
104 10
+1 20
+2 10
fi=(197)
707 10
fe=(196)
109 10
fi=(197)
707 10
fi=(223)
138 10
fe=(196)
-29 20
+21 8
+31 24
-12 2
-4 10

fl=(115)
fn=(376)
67 1
-24 1
+1 4
+23 2
-22 3
+4 4
+3 3
+3 4

fl=(163)
fn=(546)
46 5
+5 2
+4 5
+8 1
-2 1
+10 1
-9 1
+1 1
+9 1
-1 1
cfi=(164) ./misc/./misc/init-misc.c
cfn=(548) __init_misc
calls=1 -41 
* 50

fl=(173)
fn=(586)
31 1
+2 1
+9 1
+1 2
+1 1
+4 1
+1 1
+1 1
+1 1
+1 1
+2 2
+2 1
+1 1
+1 1
+2 2
+2 1
+5 1
+1 1
+17 1
cfi=(174)
cfn=(588)
calls=1 -57 
* 6

fl=(109)
fn=(360)
28 1
fi=(88)
+10 3
+2 4
+1 2
+1 3
+4 4
+3 3
+3 5
fe=(109)

fl=(178) ./malloc/./malloc/morecore.c
fn=(612) __glibc_morecore
25 2
+1 4
-1 4
+4 2
cfi=(179)
cfn=(614)
calls=2 +8 
* 68
+1 4
+4 4

fl=(206)
fn=(748)
27 276
+1 828
-1 1932
+4 848
+2 296
+3 148
fi=(224) ./stdio-common/../string/bits/string_fortified.h
-7 148
fe=(206)
+8 296
fi=(224)
-8 148
fe=(206)
+12 148
fi=(224)
-12 148
cob=(3)
cfi=(156)
cfn=(682)
calls=148 -29 
* 2643
fe=(206)
+11 444
-9 296
+2 444
+11 1656

fl=(102)
fn=(346)
29 1
fi=(103)
+27 3
+1 2
+3 3
+14 2
+3 2
+8 2
+8 2
+3 5
fe=(102)

fl=(193)
fn=(680)
61 2
+7 2
+2 2
+3 2
+1 2
+2 2
+1 2
+1 2
+1 2
+3 2
+1 2
+3 2
+1 2
+2 2
+1 2
+71 2
+1 2
+1 2
+2 2
+10 2
+1 2
+3 2
+1 2
+77 2
+1 2
+3 2
+1 2
+76 2
+4 2
+2 2
+1 4
+21 2
+1 2
+1 2
+1 2

fl=(205)
fn=(738)
108 160
+1 160
fi=(209)
+18 160
fe=(205)
-18 160
fi=(209)
+28 160
-9 160
+9 160
-13 160
fe=(205)
-13 160
fi=(209)
+13 160
fe=(205)
-12 160
cfn=(740) __printf_buffer_to_file_switch
calls=160 -83 
* 1760

fn=(758)
117 160
+1 480
-1 160
-64 320
+64 320
-66 640
+2 480
+69 160
-1 320
cfi=(212) ./stdio-common/./stdio-common/Xprintf_buffer_done.c
cfn=(776) __printf_buffer_done
calls=160 -96 
* 2880
-56 480
cfn=(740)
calls=160 -36 
* 1760
+1 320
-8 160
+1 160
fi=(210) ./stdio-common/../libio/libioP.h
1037 160
fe=(205)
58 320
+1 160
fi=(210)
1037 320
+1 480
fe=(205)
59 320
cfi=(182)
cfn=(762)
calls=160 1259 
* 20354
* 480

fn=(740)
29 320
+1 1280
+10 320
+1 320
-1 320
-5 320
+9 320
+1 320

fl=(130)
fn=(416)
31 1
fi=(101)
+8 2
+1 4
+1 3
+4 2
+3 4
fe=(130)
-17 2

fl=(192)
fn=(676)
25 2
+1 4
-1 1
+1 3
cfi=(185)
cfn=(640)
calls=1 +48 
* 17
+1 2

fl=(119)
fn=(386)
60 1
-18 2
+1 4
+1 3
+3 3
+3 3
+10 1

fl=(167)
fn=(556)
64 1
+3 3
-1 2
+3 1
-1 1
-1 3
+2 2
-1 2
-1 6
+3 1

fl=(89)
fn=(314)
29 1
fi=(219)
+7 5
fe=(89)
-7 1

fl=(138)
fn=(444)
29 1
fi=(139) ./string/../sysdeps/x86_64/multiarch/ifunc-evex.h
+8 3
+1 4
+1 3
+4 2
+8 3
+3 4
fe=(138)
-25 1

fl=(180)
fn=(616)
36 2
fi=(225) ./misc/../sysdeps/unix/sysv/linux/brk_call.h
-12 4
fe=(180)
+13 4
+1 4
+6 2
+1 2

fl=(93)
fn=(322)
29 1
fi=(94) ./string/../sysdeps/x86_64/multiarch/ifunc-memset.h
+32 5
+3 3
+16 2
+4 4
+8 2
fe=(93)
-63 1
fi=(94)
+71 2
-48 1
+1 2
fe=(93)

fl=(186)
fn=(642)
77 9
+5 1
-5 4
+5 2
+2 4
cob=(3)
cfi=(156)
cfn=(644)
calls=1 -84 
* 23
* 1
+1 2
-40 1
161 12

fl=(201)
fn=(708)
63 10
+1 20
+8 30
+41 8
+2 8
-2 8
fi=(197)
707 8
fi=(223)
138 24
fi=(198)
634 16
fe=(201)
119 32
-44 10
fi=(197)
1342 10
fe=(201)
75 10
fi=(197)
1342 20
1462 10
fe=(201)
80 10
+1 20
+2 10
fi=(197)
707 10
fe=(201)
85 10
fi=(197)
707 10
fi=(223)
138 10
fe=(201)
-53 20
+21 2
fi=(198)
687 2
fe=(201)
135 2
+1 8
+3 8

fl=(164)
fn=(548)
30 1
+1 5
-1 1
+3 1
-3 3
+3 3
cob=(3)
cfi=(156)
cfn=(550)
calls=1 -33 
* 24
+4 1
+1 1
-1 5
+1 3
+2 2

fl=(203)
fn=(734)
25 2080
+7 160
-4 320
+4 160
-4 160
+4 160
+1 160
-1 160
-4 160
+5 160
-1 320
+1 320
cfi=(204)
cfn=(736)
calls=160 1526 
* 76755
+4 800

fl=(132)
fn=(424)
29 1
fi=(112)
+6 5
+1 3
+4 4
+3 3
+3 5
fe=(132)

fl=(159)
fn=(606)
3283 3
1269 6
+19 3
3287 3
1288 9
3287 6
+2 6
+2 4
+2 12
+13 3
cfn=(608) __libc_malloc2
calls=3 -59 
* 608

fn=(608)
3247 18
+4 6
+28 15
-26 9
cfn=(610) _int_malloc
calls=3 3790 
* 539
+1 15
fi=(158)
151 6
fe=(159)

fn=(610)
3790 24
+32 6
1288 18
3831 6
+16 6
+54 10
+18 3
-1 3
+12 6
-11 6
-1 9
+12 6
-80 1
+2 1
-2 1
+2 2
4340 27
3901 6
-52 6
4124 3
-2 6
+2 4
+3 2
-3 2
+3 4
+68 3
+1 3
+1 3
-1 3
+1 3
+1 6
+1 9
+5 12
+4 9
+3 8
-3 6
+3 4
-3 3
+3 4
-3 2
4308 6
+1 9
+2 6
+3 12
+5 2
-2 2
+2 4
-2 2
+7 2
-8 2
+3 2
+2 2
-3 2
+1 8
+2 2
1888 6
2324 1
+12 1
-12 2
+12 1
4336 3
cfn=(618) alloc_perturb
calls=1 1887 
* 5
* 1
2325 1
+36 4
+1 1
-1 1
+1 1
+9 4
+9 4
2698 3
+1 1
+4 1
+1 2
+3 2
+5 2
-2 1
+2 1
-3 1
+2 1
+4 1
-3 1
+1 1
-1 3
+1 1
4335 1
2441 2
+8 2
+1 1
+10 2
+7 4
+8 2
+57 4
+40 1
-12 1
+12 2
+19 1
+4 1
-1 2
+1 6
+2 2
+1 4
cfi=(178)
cfn=(612)
calls=1 25 
* 26
+12 3
-12 1
+12 1
1912 2
2650 1
+3 1
-1 1
+1 4
+12 1
-11 1
+11 2
2477 4
cfi=(178)
cfn=(612)
calls=1 25 
* 62
+1 3
-1 1
+1 1
1912 2
2480 1
+3 2
+38 3
+2 2
+6 1
-6 1
+6 3
-7 2
1921 2

fn=(618)
1887 1
+1 3
+2 1

fl=(133)
fn=(428)
29 1
fi=(134) ./wcsmbs/../sysdeps/x86_64/multiarch/ifunc-memcmp.h
+5 7
fe=(133)
-5 2
fi=(134)
+6 2
+2 3
+4 2
+3 3
+3 5
fe=(133)

fl=(96)
fn=(330)
29 1
fi=(97)
+27 3
+1 2
+3 3
+14 2
+3 2
+8 2
+8 2
+3 5
fe=(96)

fl=(124)
fn=(400)
29 1
fi=(125) ./string/../sysdeps/x86_64/multiarch/ifunc-memcmp.h
+5 7
fe=(124)
-5 2
fi=(125)
+6 2
+2 3
+4 2
+3 3
+3 5
fe=(124)

fl=(212)
fn=(776)
25 160
+1 480
+5 320
+2 1760
+7 160

fl=(189)
fn=(654) _IO_getline_info
49 20
+2 4
+2 6
+2 18
+28 2
+2 4
-2 2
+2 4
cob=(3)
cfi=(156)
cfn=(678)
calls=2 -85 
* 76
* 2
+1 4
-29 9
+1 6
+2 2
cfi=(181)
cfn=(656)
calls=1 325 
* 415
+1 2
+6 2
+11 1
-1 2
-22 2
+34 2
+1 2
-2 4
+1 2
+1 4
+2 2
+2 4
fi=(226) ./libio/../string/bits/string_fortified.h
-65 10
cob=(3)
cfi=(156)
cfn=(682)
calls=2 -29 
* 38
fe=(189)
+68 2
+1 2
-1 2
+10 16
-53 2

fn=(652)
33 2
+1 4
cfn=(654)
calls=2 +15 
* 675

totals: 9763012750
